/****************************************/
Karman Summer Telemetry Newer Hotness Data
/****************************************/
3696,2047.75,0.00,0.00,0.00,0.00,0,0.00,0.00,0.00,0.00,0.00,0.00,1,1016.49,0.00,0.00,0.00,0.00,0.00,0.00,0.00,0.00,0.00,0.00,0.00,0.00,
3726,2047.75,2047.75,0.00,23.00,-0.50,0,0.00,0.00,0.00,0.00,0.00,0.00,1,1016.55,0.00,0.00,0.00,0.00,0.00,0.00,0.00,0.00,0.00,0.00,0.00,0.00,
3858,2047.75,2047.75,0.00,23.00,-0.50,0,0.00,0.00,0.00,-203.40,0.43,1.57,-32641,1016.55,0.23,-5.98,-8.44,1.02, 0.03,9.73,26.45,3.82,7.65,  0.0, -0.0, 0.00,
3891,2047.75,2047.75,0.00,23.00,0.41,0,0.00,0.00,0.00,-203.40,0.43,1.57,1,1016.44,0.23,-5.98,-8.44,1.02, 0.03,9.73,26.45,3.82,7.65,  0.0, -0.0, 0.00,
3926,2047.75,2047.75,0.00,23.00,0.41,0,0.00,0.00,0.00,-203.40,0.43,1.57,1,1016.44,0.94,-5.59,-8.22,0.94,0.16,9.61,26.45,3.82,7.65, 0.02,-0.08, 0.00,
3961,2047.75,2047.75,0.00,23.00,0.25,0,0.00,0.00,0.00,-203.40,0.43,1.57,1,1016.46,0.69,-5.53,-8.28,0.94,0.12,9.73,26.45,3.82,7.65, 0.02,-0.08, 0.00,
3975,2047.75,2047.75,0.00,23.00,0.25,0,0.00,0.00,0.00,-203.40,0.43,1.57,-15234,1016.46,0.92,-5.76,-8.23,0.98,0.16,9.73,26.45,3.82,7.65, 0.02,-0.08, 0.000,
4004,2047.75,2047.75,0.00,23.00,-0.50,0,0.00,0.00,0.00,-203.40,0.43,1.57,1,1016.55,0.92,-5.76,-8.23,0.98,0.16,9.73,26.45,3.82,7.65, 0.02,-0.08, 0.000,
4017,2047.75,2047.75,0.00,23.00,-0.50,0,0.00,0.00,0.00,-203.40,0.71,1.57,-15234,1016.55,0.70,-5.36,-8.87,0.90,0.12,9.61,26.45,4.09,7.45, 0.02,-0.07, 0.000,
4045,2047.75,2047.75,0.00,23.00,-0.50,0,0.00,0.00,0.00,-203.40,0.71,1.57,1,1016.55,0.70,-5.36,-8.87,0.90,0.12,9.61,26.45,4.09,7.45, 0.02,-0.07, 0.000,
4059,2047.75,2047.75,0.00,23.00,-0.50,0,0.00,0.00,0.00,-203.40,0.43,1.57,-15234,1016.55,0.46,-5.55,-8.91,0.94, 0.07,9.69,26.55,4.09,7.45, 0.02,-0.07, 0.00,
4087,2047.75,2047.75,0.00,23.00,-0.50,0,0.00,0.00,0.00,-203.40,0.43,1.57,1,1016.55,0.46,-5.55,-8.91,0.94, 0.07,9.69,26.55,4.09,7.45, 0.02,-0.07, 0.00,
4101,2047.75,2047.75,0.00,23.00,-0.50,0,0.00,0.00,0.00,-203.40,0.43,1.57,-15234,1016.55,0.92,-5.76,-8.80,0.98,0.16,9.73,26.55,4.09,7.45, 0.02,-0.07, 0.00,
4130,2047.75,2047.75,0.00,23.00,-0.50,0,0.00,0.00,0.00,-203.40,0.43,1.57,1,1016.55,0.92,-5.76,-8.80,0.98,0.16,9.73,26.55,4.09,7.45, 0.02,-0.07, 0.00,
4163,2047.75,2047.75,0.00,23.00,-0.25,0,0.00,0.00,0.00,-203.40,0.71,1.57,1,1016.52,0.69,-5.76,-8.52,0.98,0.12,9.73,26.36,3.91,7.55, 0.02,-0.07, 0.00,
4176,2047.75,2047.75,0.00,23.00,-0.25,0,0.00,0.00,0.00,-203.40,0.43,1.57,-15234,1016.52,0.93,-5.34,-8.43,0.90,0.16,9.65,26.36,3.91,7.55, 0.02,-0.07, 0.00,
4204,2047.75,2047.75,0.00,23.00,-1.24,0,0.00,0.00,0.00,-203.40,0.43,1.57,1,1016.64,0.93,-5.34,-8.43,0.90,0.16,9.65,26.36,3.91,7.55, 0.02,-0.07, 0.00,
4218,2047.75,2047.75,0.00,23.00,-1.24,0,0.00,0.00,0.00,-203.40,0.43,1.57,-15234,1016.64,0.70,-5.83,-8.53,0.98,0.12,9.61,26.36,3.91,7.55,  0.0,-0.07, 0.00,
4246,2047.75,2047.75,0.00,23.00,-1.00,0,0.00,0.00,0.00,-203.40,0.43,1.57,1,1016.61,0.70,-5.83,-8.53,0.98,0.12,9.61,26.36,3.91,7.55,  0.0,-0.07, 0.00,
4259,2047.75,2047.75,0.00,23.00,-1.00,0,0.00,0.00,0.00,-203.40,0.71,1.57,-15234,1016.61,0.46,-5.78,-8.70,0.98, 0.07,9.69,26.64,4.00,7.65, 0.02,-0.07, 0.00,
4288,2047.75,2047.75,0.00,23.00,-0.75,0,0.00,0.00,0.00,-203.40,0.71,1.57,1,1016.58,0.46,-5.78,-8.70,0.98, 0.07,9.69,26.64,4.00,7.65, 0.02,-0.07, 0.00,
4301,2047.75,2047.75,0.00,23.00,-0.75,0,0.00,0.00,0.00,-203.40,0.43,1.57,-15234,1016.58,0.46,-5.53,-8.69,0.94, 0.07,9.73,26.64,4.00,7.65, 0.02, -0.0, 0.00,
4329,2047.75,2047.75,0.00,23.00,-0.50,0,0.00,0.00,0.00,-203.40,0.43,1.57,1,1016.55,0.46,-5.53,-8.69,0.94, 0.07,9.73,26.64,4.00,7.65, 0.02, -0.0, 0.00,
4343,2047.75,2047.75,0.00,23.00,-0.50,0,0.00,0.00,0.00,-203.40,0.43,1.57,-15234,1016.55,0.92,-5.53,-8.50,0.94,0.16,9.73,26.18,3.91,7.65, 0.02,-0.07, 0.00,
4371,2047.75,2047.75,0.00,23.00,0.17,0,0.00,0.00,0.00,-203.40,0.43,1.57,1,1016.47,0.92,-5.53,-8.50,0.94,0.16,9.73,26.18,3.91,7.65, 0.02,-0.07, 0.00,
4384,2047.75,2047.75,0.00,23.00,0.17,0,0.00,0.00,0.00,-203.40,0.43,1.57,-15234,1016.47,0.46,-5.30,-8.72,0.90, 0.07,9.73,25.91,3.91,7.45, 0.02,-0.07, 0.00,
4413,2047.75,2047.75,0.00,23.00,-1.00,0,0.00,0.00,0.00,-203.40,0.43,1.57,1,1016.61,0.46,-5.30,-8.72,0.90, 0.07,9.73,25.91,3.91,7.45, 0.02,-0.07, 0.00,
4447,2047.75,2047.75,0.00,23.00,0.00,0,0.00,0.00,0.00,-203.40,0.71,1.57,1,1016.49,0.70,-5.83,-8.68,0.98,0.12,9.61,25.91,3.91,7.45, 0.02,-0.07, 0.00,
4459,2047.75,2047.75,0.00,23.00,0.00,0,0.00,0.00,0.00,-203.40,0.43,1.57,-15234,1016.49,0.23,-5.32,-8.06,0.90, 0.03,9.69,26.27,3.64,7.65, 0.02,-0.07, 0.000,
4487,2047.75,2047.75,0.00,23.00,0.17,0,0.00,0.00,0.00,-203.40,0.43,1.57,1,1016.47,0.23,-5.32,-8.06,0.90, 0.03,9.69,26.27,3.64,7.65, 0.02,-0.07, 0.000,
4501,2047.75,2047.75,0.00,23.00,0.17,0,0.00,0.00,0.00,-203.40,0.71,1.57,-15234,1016.47,0.47,-5.59,-8.01,0.94, 0.07,9.61,26.27,3.64,7.65,  0.0,-0.08, 0.00,
4529,2047.75,2047.75,0.00,23.00,0.00,0,0.00,0.00,0.00,-203.40,0.71,1.57,1,1016.49,0.47,-5.59,-8.01,0.94, 0.07,9.61,26.27,3.64,7.65,  0.0,-0.08, 0.00,
4563,2047.75,2047.75,0.00,23.00,0.17,0,0.00,0.00,0.00,-203.40,0.71,1.57,1,1016.47,0.70,-5.55,-9.04,0.94,0.12,9.69,26.00,4.09,7.55, 0.02,-0.07, 0.00,
4597,2047.75,2047.75,0.00,23.00,0.17,0,0.00,0.00,0.00,-203.40,0.43,1.57,1,1016.47,1.16,-5.55,-8.69,0.94,0.20,9.69,26.64,4.09,7.45,  0.0,-0.08, 0.000,
4630,2047.75,2047.75,0.00,23.00,-0.50,0,0.00,0.00,0.00,-203.40,0.71,1.57,1,1016.55,0.46,-5.78,-8.90,0.98, 0.07,9.69,26.64,4.09,7.45, 0.02, -0.0, 0.000,
4643,2047.75,2047.75,0.00,23.00,-0.50,0,0.00,0.00,0.00,-203.40,0.43,1.29,-15234,1016.55,0.70,-5.32,-8.44,0.90,0.12,9.69,26.55,3.91,7.35, 0.02,-0.08,0.00,
4671,2047.75,2047.75,0.00,23.00,-0.75,0,0.00,0.00,0.00,-203.40,0.43,1.29,1,1016.58,0.70,-5.32,-8.44,0.90,0.12,9.69,26.55,3.91,7.35, 0.02,-0.08,0.00,
4713,2047.75,2047.75,0.00,23.00,0.17,0,0.00,0.00,0.00,-203.40,0.71,1.57,1,1016.47,0.69,-5.76,-8.46,0.98,0.12,9.73,26.55,3.91,7.35, 0.02,-0.07, 0.00,
4746,2047.75,2047.75,0.00,23.10,-0.50,0,0.00,0.00,0.00,-203.40,0.43,1.57,1,1016.55,0.46,-5.28,-8.73,0.90, 0.07,9.77,26.45,4.00,7.45, 0.02, -0.0,  0.00,
4759,2047.75,2047.75,0.00,23.10,-0.50,0,0.00,0.00,0.00,-203.40,0.43,1.57,-15234,1016.55,1.16,-5.76,-8.56,0.98,0.20,9.73,26.45,4.00,7.45, 0.02,-0.07,-0.000,
4788,2047.75,2047.75,0.00,23.00,-0.50,0,0.00,0.00,0.00,-203.40,0.43,1.57,1,1016.55,1.16,-5.76,-8.56,0.98,0.20,9.73,26.45,4.00,7.45, 0.02,-0.07,-0.000,
4801,2047.75,2047.75,0.00,23.00,-0.50,0,0.00,0.00,0.00,-203.40,0.43,1.57,-15234,1016.55,0.69,-5.30,-8.04,0.90,0.12,9.73,26.55,3.73,7.65, 0.02,-0.08, 0.00,
4829,2047.75,2047.75,0.00,23.00,0.17,0,0.00,0.00,0.00,-203.40,0.43,1.57,1,1016.47,0.69,-5.30,-8.04,0.90,0.12,9.73,26.55,3.73,7.65, 0.02,-0.08, 0.00,
4843,2047.75,2047.75,0.00,23.00,0.17,0,0.00,0.00,0.00,-203.40,0.71,1.86,-15234,1016.47,0.70,-5.55,-8.48,0.94,0.12,9.69,26.45,3.91,7.45, 0.02,-0.08, 0.000,
4871,2047.75,2047.75,0.00,23.00,0.00,0,0.00,0.00,0.00,-203.40,0.71,1.86,1,1016.49,0.70,-5.55,-8.48,0.94,0.12,9.69,26.45,3.91,7.45, 0.02,-0.08, 0.000,
4904,2047.75,2047.75,0.00,23.00,-0.25,0,0.00,0.00,0.00,-203.40,0.71,1.57,1,1016.52,0.70,-5.80,-8.50,0.98,0.12,9.65,26.45,3.91,7.45, 0.02,-0.08, 0.00,
4917,2047.75,2047.75,0.00,23.00,-0.25,0,0.00,0.00,0.00,-203.40,0.43,1.57,-15234,1016.52,0.69,-5.53,-8.60,0.94,0.12,9.73,26.09,3.91,7.35, 0.03,-0.07, 0.00,
4946,2047.75,2047.75,0.00,23.10,0.00,0,0.00,0.00,0.00,-203.40,0.43,1.57,1,1016.49,0.69,-5.53,-8.60,0.94,0.12,9.73,26.09,3.91,7.35, 0.03,-0.07, 0.00,
4980,2047.75,2047.75,0.00,23.00,-0.25,0,0.00,0.00,0.00,-203.40,0.43,1.57,1,1016.52,0.47,-5.57,-8.67,0.94, 0.07,9.65,26.09,3.91,7.35, 0.02,-0.08, 0.000,
4992,2047.75,2047.75,0.00,23.00,-0.25,0,0.00,0.00,0.00,-203.40,0.43,1.57,-15234,1016.52,0.69,-5.53,-8.74,0.94,0.12,9.73,26.27,4.00,7.35,  0.0,-0.07, 0.00,
5021,2047.75,2047.75,0.00,23.00,0.00,0,0.00,0.00,0.00,-203.40,0.43,1.57,1,1016.49,0.69,-5.53,-8.74,0.94,0.12,9.73,26.27,4.00,7.35,  0.0,-0.07, 0.00,
5034,2047.75,2047.75,0.00,23.00,0.00,0,0.00,0.00,0.00,-203.40,0.71,1.57,-15234,1016.49,0.93,-5.09,-8.65,0.86,0.16,9.69,26.27,4.00,7.35, 0.02,-0.08,-0.00,
5062,2047.75,2047.75,0.00,23.10,-0.50,0,0.00,0.00,0.00,-203.40,0.71,1.57,1,1016.55,0.93,-5.09,-8.65,0.86,0.16,9.69,26.27,4.00,7.35, 0.02,-0.08,-0.00,
5076,2047.75,2047.75,0.00,23.10,-0.50,0,0.00,0.00,0.00,-203.40,0.71,1.57,-15234,1016.55,0.70,-5.78,-8.95,0.98,0.12,9.69,26.27,4.09,7.14, 0.03,-0.07, 0.00,
5104,2047.75,2047.75,0.00,23.00,0.00,0,0.00,0.00,0.00,-203.40,0.71,1.57,1,1016.49,0.70,-5.78,-8.95,0.98,0.12,9.69,26.27,4.09,7.14, 0.03,-0.07, 0.00,
5137,2047.75,2047.75,0.00,23.10,-0.75,0,0.00,0.00,0.00,-203.40,0.71,1.57,1,1016.58,0.47,-5.62,-9.24,0.94, 0.07,9.57,26.18,4.18,7.55, 0.02,-0.08,-0.00,
5150,2047.75,2047.75,0.00,23.10,-0.75,0,0.00,0.00,0.00,-203.40,0.43,1.57,-15234,1016.58,0.69,-5.53,-9.17,0.94,0.12,9.73,26.18,4.18,7.55, 0.02,-0.08, 0.00,
5179,2047.75,2047.75,0.00,23.00,-1.00,0,0.00,0.00,0.00,-203.40,0.43,1.57,1,1016.61,0.69,-5.53,-9.17,0.94,0.12,9.73,26.18,4.18,7.55, 0.02,-0.08, 0.00,
5212,2047.75,2047.75,0.00,23.10,-1.00,0,0.00,0.00,0.00,-203.40,0.43,1.57,1,1016.61,0.92,-5.53,-8.24,0.94,0.16,9.73,26.36,3.82,7.55, 0.02,-0.08, 0.00,
5225,2047.75,2047.75,0.00,23.10,-1.00,0,0.00,0.00,0.00,-203.40,0.43,1.57,-15234,1016.61,0.70,-5.78,-8.32,0.98,0.12,9.69,26.36,3.82,7.55, 0.02,-0.07, 0.00,
5254,2047.75,2047.75,0.00,23.00,-0.25,0,0.00,0.00,0.00,-203.40,0.43,1.57,1,1016.52,0.70,-5.78,-8.32,0.98,0.12,9.69,26.36,3.82,7.55, 0.02,-0.07, 0.00,
5267,2047.75,2047.75,0.00,23.00,-0.25,0,0.00,0.00,0.00,-203.40,0.43,1.57,-15234,1016.52,0.47,-5.13,-8.44,0.86, 0.07,9.61,26.09,3.82,7.55, 0.02,-0.07, 0.00,
5295,2047.75,2047.75,0.00,23.00,-0.75,0,0.00,0.00,0.00,-203.40,0.43,1.57,1,1016.58,0.47,-5.13,-8.44,0.86, 0.07,9.61,26.09,3.82,7.55, 0.02,-0.07, 0.00,
5329,2047.75,2047.75,0.00,23.10,-0.50,0,0.00,0.00,0.00,-203.40,0.43,1.57,1,1016.55,0.70,-5.62,-8.40,0.94,0.12,9.57,26.09,3.82,7.55, 0.02,-0.07, 0.00,
5349,2047.75,2047.75,0.00,23.10,-0.50,0,0.00,0.00,0.00,-203.40,0.43,1.29,-15234,1016.55,0.46,-5.78,-9.16,0.98, 0.07,9.69,26.45,4.18,7.45, 0.02,-0.07, 0.00,
5377,2047.75,2047.75,0.00,23.10,0.17,0,0.00,0.00,0.00,-203.40,0.43,1.29,1,1016.47,0.46,-5.78,-9.16,0.98, 0.07,9.69,26.45,4.18,7.45, 0.02,-0.07, 0.00,
5389,2047.75,2047.75,0.00,23.10,0.17,0,0.00,0.00,0.00,-203.40,0.71,1.57,-15234,1016.47,0.70,-5.57,-8.74,0.94,0.12,9.65,26.27,4.00,7.76, 0.03, -0.0,-0.00,
5418,2047.75,2047.75,0.00,23.10,-0.25,0,0.00,0.00,0.00,-203.40,0.71,1.57,1,1016.52,0.70,-5.57,-8.74,0.94,0.12,9.65,26.27,4.00,7.76, 0.03, -0.0,-0.00,
5431,2047.75,2047.75,0.00,23.10,-0.25,0,0.00,0.00,0.00,-203.40,0.43,1.57,-15234,1016.52,1.16,-5.32,-8.59,0.90,0.20,9.69,26.27,4.00,7.76, 0.02,-0.07, 0.00,
5459,2047.75,2047.75,0.00,23.00,-0.75,0,0.00,0.00,0.00,-203.40,0.43,1.57,1,1016.58,1.16,-5.32,-8.59,0.90,0.20,9.69,26.27,4.00,7.76, 0.02,-0.07, 0.00,
5493,2047.75,2047.75,0.00,23.10,-0.50,0,0.00,0.00,0.00,-203.40,0.71,1.57,1,1016.55,0.70,-5.55,-8.63,0.94,0.12,9.69,26.00,3.91,7.35, 0.02,-0.07,  0.00,
5506,2047.75,2047.75,0.00,23.10,-0.50,0,0.00,0.00,0.00,-203.40,0.43,1.57,-15234,1016.55,0.47,-5.34,-8.68,0.90, 0.07,9.65,26.00,3.91,7.35, 0.02, -0.0,-0.00,
5534,2047.75,2047.75,0.00,23.10,-0.25,0,0.00,0.00,0.00,-203.40,0.43,1.57,1,1016.52,0.47,-5.34,-8.68,0.90, 0.07,9.65,26.00,3.91,7.35, 0.02, -0.0,-0.00,
5548,2047.75,2047.75,0.00,23.10,-0.25,0,0.00,0.00,0.00,-203.40,0.43,1.57,-15234,1016.52,0.69,-5.30,-8.56,0.90,0.12,9.73,26.18,3.91,7.35, 0.02,-0.08, 0.00,
5583,2047.75,2047.75,0.00,23.10,-0.25,0,0.00,0.00,0.00,-203.40,0.43,1.57,1,1016.52,0.69,-5.30,-8.56,0.90,0.12,9.73,26.18,3.91,7.35, 0.02,-0.08, 0.00,
5616,2047.75,2047.75,0.00,23.10,-0.50,0,0.00,0.00,0.00,-203.40,0.43,1.57,1,1016.55,0.47,-5.57,-9.18,0.94, 0.07,9.65,26.36,4.18,7.76, 0.02, -0.0,  0.00,
5629,2047.75,2047.75,0.00,23.10,-0.50,0,0.00,0.00,0.00,-203.40,0.43,1.57,-15234,1016.55,0.92,-5.30,-9.03,0.90,0.16,9.73,26.36,4.18,7.76, 0.02,-0.07, 0.000,
5658,2047.75,2047.75,0.00,23.10,-0.75,0,0.00,0.00,0.00,-203.40,0.43,1.57,1,1016.58,0.92,-5.30,-9.03,0.90,0.16,9.73,26.36,4.18,7.76, 0.02,-0.07, 0.000,
5691,2047.75,2047.75,0.00,23.10,-1.00,0,0.00,0.00,0.00,-203.40,0.43,1.57,1,1016.61,0.47,-5.80,-8.79,0.98, 0.07,9.65,26.36,4.00,7.45, 0.02,-0.07, 0.000,
5704,2047.75,2047.75,0.00,23.10,-1.00,0,0.00,0.00,0.00,-203.40,0.71,1.57,-15234,1016.61,0.69,-5.53,-8.71,0.94,0.12,9.73,26.36,4.00,7.45, 0.02,-0.07, 0.00,
5733,2047.75,2047.75,0.00,23.10,-0.50,0,0.00,0.00,0.00,-203.40,0.71,1.57,1,1016.55,0.69,-5.53,-8.71,0.94,0.12,9.73,26.36,4.00,7.45, 0.02,-0.07, 0.00,
5766,2047.75,2047.75,0.00,23.10,-0.50,0,0.00,0.00,0.00,-203.40,0.71,1.57,1,1016.55,0.70,-5.55,-9.17,0.94,0.12,9.69,26.18,4.18,7.24, 0.02,-0.07,  0.00,
5779,2047.75,2047.75,0.00,23.10,-0.50,0,0.00,0.00,0.00,-203.40,0.71,1.57,-15234,1016.55,0.47,-5.80,-9.76,0.98, 0.07,9.65,25.91,4.36,7.45, 0.02,-0.12, 0.00,
5808,2047.75,2047.75,0.00,23.10,-1.24,0,0.00,0.00,0.00,-203.40,0.71,1.57,1,1016.64,0.47,-5.80,-9.76,0.98, 0.07,9.65,25.91,4.36,7.45, 0.02,-0.12, 0.00,
5841,2047.75,2047.75,0.00,23.10,-0.75,0,0.00,0.00,0.00,-203.40,0.71,1.57,1,1016.58,0.69,-5.53,-9.67,0.94,0.12,9.73,25.91,4.36,7.45, 0.02,-0.07, 0.00,
5854,2047.75,2047.75,0.00,23.10,-0.75,0,0.00,0.00,0.00,-203.40,0.43,1.57,-15234,1016.58,0.46,-5.73,-8.93,0.98, 0.07,9.77,26.55,4.09,7.55, 0.02,-0.08, 0.000,
5882,2047.75,2047.75,0.00,23.10,-0.25,0,0.00,0.00,0.00,-203.40,0.43,1.57,1,1016.52,0.46,-5.73,-8.93,0.98, 0.07,9.77,26.55,4.09,7.55, 0.02,-0.08, 0.000,
5916,2047.75,2047.75,0.00,23.10,-0.25,0,0.00,0.00,0.00,-203.40,0.43,1.57,1,1016.52,0.46,-5.30,-8.90,0.90, 0.07,9.73,26.55,4.09,7.55, 0.02,-0.08, 0.000,
5929,2047.75,2047.75,0.00,23.10,-0.25,0,0.00,0.00,0.00,-203.40,0.43,1.57,-15234,1016.52,0.93,-5.11,-8.82,0.86,0.16,9.65,26.36,4.09,7.35, 0.02,-0.07, 0.00,
5957,2047.75,2047.75,0.00,23.10,0.17,0,0.00,0.00,0.00,-203.40,0.43,1.57,1,1016.47,0.93,-5.11,-8.82,0.86,0.16,9.65,26.36,4.09,7.35, 0.02,-0.07, 0.00,
5991,2047.75,2047.75,0.00,23.10,-0.25,0,0.00,0.00,0.00,-203.40,0.43,1.57,1,1016.52,0.93,-6.01,-8.87,1.02,0.16,9.69,26.36,4.09,7.35, 0.03,-0.07, 0.00,
6024,2047.75,2047.75,0.00,23.10,0.00,0,0.00,0.00,0.00,-203.40,0.43,1.57,1,1016.49,1.64,-5.85,-8.40,0.98,0.27,9.57,26.55,4.00,7.35, 0.02,-0.07, 0.00,
6037,2047.75,2047.75,0.00,23.10,0.00,0,0.00,0.00,0.00,-203.40,0.43,1.57,-15234,1016.49,0.92,-5.53,-8.58,0.94,0.16,9.73,26.55,4.00,7.35, 0.03,-0.05, 0.01,
6066,2047.75,2047.75,0.00,23.10,0.00,0,0.00,0.00,0.00,-203.40,0.43,1.57,1,1016.49,0.92,-5.53,-8.58,0.94,0.16,9.73,26.55,4.00,7.35, 0.03,-0.05, 0.01,
6099,2047.75,2047.75,0.00,23.10,-0.25,0,0.00,0.00,0.00,-203.40,0.71,1.57,1,1016.52,0.91,-4.99,-8.45,0.86,0.16,9.89,26.27,3.91,7.45,0.11,-0.01, 0.06,
6132,2047.75,2047.75,0.00,23.10,0.00,0,0.00,0.00,0.00,-203.40,0.71,1.29,1,1016.49,-1.34,-12.95,-8.78,1.92,-0.20,8.36,26.36,3.55,7.35, 0.03,-0.07,-0.13,
6145,2047.75,2047.75,0.00,23.10,0.00,0,0.00,0.00,0.00,-203.40,0.43,1.86,-15234,1016.49,-2.22,-7.85,-8.66,1.26,-0.35,9.10,26.36,3.55,7.35, 0.02,-0.09,-0.01,
6174,2047.75,2047.75,0.00,23.10,-0.50,0,0.00,0.00,0.00,-203.40,0.43,1.86,1,1016.55,-2.22,-7.85,-8.66,1.26,-0.35,9.10,26.36,3.55,7.35, 0.02,-0.09,-0.01,
6207,2047.75,2047.75,0.00,23.10,-0.75,0,0.00,0.00,0.00,-203.40,0.43,1.57,1,1016.58,-3.06,-7.03,-9.64,1.18,-0.51,9.53,26.55,3.91,7.76, 0.01,-0.10,-0.14,
6240,2047.75,2047.75,0.00,23.10,0.41,0,0.00,0.00,0.00,-203.40,0.43,1.29,1,1016.44,0.00,-6.72,-8.73,1.14,0.00,9.65,26.55,3.91,7.76, 0.02,-0.07,-0.06,
6254,2047.75,2047.75,0.00,23.10,0.41,0,0.00,0.00,0.00,-203.40,0.43,1.57,-15234,1016.44,0.23,-4.20,-9.16,0.71, 0.03,9.61,26.36,4.18,7.55, 0.02,-0.08,-0.01,
6282,2047.75,2047.75,0.00,23.10,0.17,0,0.00,0.00,0.00,-203.40,0.43,1.57,1,1016.47,0.23,-4.20,-9.16,0.71, 0.03,9.61,26.36,4.18,7.55, 0.02,-0.08,-0.01,
6315,2047.75,2047.75,0.00,23.10,-0.25,0,0.00,0.00,0.00,-203.40,0.43,1.57,1,1016.52,3.42,-7.25,-8.42,1.26,0.59,9.85,26.36,4.18,7.55, 0.01,-0.03,-0.03,
6350,2047.75,2047.75,0.00,23.10,0.91,0,0.00,0.00,0.00,-203.40,0.71,1.57,1,1016.38,3.45,-3.21,-8.07,0.55,0.59,9.77,26.64,4.18,7.76, 0.07,-0.06, 0.04,
6362,2047.75,2047.75,0.00,23.10,0.91,0,0.00,0.00,0.00,-203.40,0.43,1.57,-15234,1016.38,-2.29,-5.48,-9.87,0.94,-0.39,9.81,26.64,4.18,7.76,0.18,-0.06,-0.01,
6390,2047.75,2047.75,0.00,23.10,0.66,0,0.00,0.00,0.00,-203.40,0.43,1.57,1,1016.41,-2.29,-5.48,-9.87,0.94,-0.39,9.81,26.64,4.18,7.76,0.18,-0.06,-0.01,
6423,2047.75,2047.75,0.00,23.10,0.41,0,0.00,0.00,0.00,-203.40,0.43,1.57,1,1016.44,8.43,-4.97,-4.83,0.75,1.26,8.47,26.55,3.36,7.86,0.16, 0.05,-0.26,
6458,2047.75,2047.75,0.00,23.10,0.17,0,0.00,0.00,0.00,-203.40,0.43,1.57,1,1016.47,-2.24,-5.57,-8.13,0.98,-0.39,10.04,26.55,3.36,7.86,0.11,-0.17,-0.09,
6470,2047.75,2047.75,0.00,23.10,0.17,0,0.00,0.00,0.00,-203.40,0.71,1.57,-15234,1016.47,1.17,-5.15,-6.09,0.86,0.20,9.57,26.45,2.91,8.78,-0.11,-0.06,-0.06,
6498,2047.75,2047.75,0.00,23.10,0.00,0,0.00,0.00,0.00,-203.40,0.71,1.57,1,1016.49,1.17,-5.15,-6.09,0.86,0.20,9.57,26.45,2.91,8.78,-0.11,-0.06,-0.06,
6512,2047.75,2047.75,0.00,23.10,0.00,0,0.00,0.00,0.00,-203.40,0.71,1.57,-15234,1016.49,2.94,-4.29,-7.96,0.75,0.51,9.92,26.45,4.09,9.80,-0.11, 0.03,-0.13,
6540,2047.75,2047.75,0.00,23.10,-0.25,0,0.00,0.00,0.00,-203.40,0.71,1.57,1,1016.52,2.94,-4.29,-7.96,0.75,0.51,9.92,26.45,4.09,9.80,-0.11, 0.03,-0.13,
6553,2047.75,2047.75,0.00,23.10,-0.25,0,0.00,0.00,0.00,-203.40,0.71,1.57,-15234,1016.52,-0.45,-4.09,-9.22,0.71,-0.07,9.89,26.45,4.09,9.80,-0.31,-0.00,  0.0,
6581,2047.75,2047.75,0.00,23.10,0.17,0,0.00,0.00,0.00,-203.40,0.71,1.57,1,1016.47,-0.45,-4.09,-9.22,0.71,-0.07,9.89,26.45,4.09,9.80,-0.31,-0.00,  0.0,
6595,2047.75,2047.75,0.00,23.10,0.17,0,0.00,0.00,0.00,-203.40,0.43,1.57,-15234,1016.47,-2.10,-1.40,-14.68,0.24,-0.35,9.65,26.91,6.55,11.84,-0.51,  0.0,0.13,
6623,2047.75,2047.75,0.00,23.10,0.00,0,0.00,0.00,0.00,-203.40,0.43,1.57,1,1016.49,-2.10,-1.40,-14.68,0.24,-0.35,9.65,26.91,6.55,11.84,-0.51,  0.0,0.13,
6636,2047.75,2047.75,0.00,23.10,0.00,0,0.00,0.00,0.00,-203.40,0.43,1.57,-15234,1016.49,0.00,-4.35,-14.16,0.75,0.00,9.81,26.91,6.55,11.84,-0.43,0.16, 0.05,
6680,2047.75,2047.75,0.00,23.10,0.00,0,0.00,0.00,0.00,-203.40,0.43,1.57,1,1016.49,0.00,-4.35,-14.16,0.75,0.00,9.81,26.91,6.55,11.84,-0.43,0.16, 0.05,
6714,2047.75,2047.75,0.00,23.10,0.17,0,0.00,0.00,0.00,-203.40,0.43,1.57,1,1016.47,-2.95,-4.08,-22.56,0.71,-0.51,9.89,27.45,10.18,15.10,-0.56,0.14,0.12,
6747,2047.75,2047.75,0.00,23.10,-0.08,0,0.00,0.00,0.00,-203.40,0.43,1.57,1,1016.50,-2.12,-2.83,-27.27,0.47,-0.35,9.53,27.91,13.27,17.96,-0.48,0.10,  0.0,
6761,2047.75,2047.75,0.00,23.10,-0.08,0,0.00,0.00,0.00,-203.40,0.43,1.57,-15234,1016.50,-30.31,12.72,-35.13,-1.33,-2.98,5.10,27.91,13.27,17.96,-0.31,0.51,-0.01,
6789,2047.75,2047.75,0.00,23.10,-0.50,0,0.00,0.00,0.00,-203.40,0.43,1.57,1,1016.55,-30.31,12.72,-35.13,-1.33,-2.98,5.10,27.91,13.27,17.96,-0.31,0.51,-0.01,
6802,2047.75,2047.75,0.00,23.10,-0.50,0,0.00,0.00,0.00,-203.40,0.43,1.57,-15234,1016.55,-1.31,-1.09,-27.28,0.20,-0.24,10.32,30.18,14.91,20.20,-0.20,-0.10, 0.06,
6831,2047.75,2047.75,0.00,23.10,-0.75,0,0.00,0.00,0.00,-203.40,0.43,1.57,1,1016.58,-1.31,-1.09,-27.28,0.20,-0.24,10.32,30.18,14.91,20.20,-0.20,-0.10, 0.06,
6844,2047.75,2047.75,0.00,23.10,-0.75,0,0.00,0.00,0.00,-203.40,0.43,1.57,-15234,1016.58,-6.01,-2.00,-34.56,0.39,-1.18,11.18,29.55,17.64,22.14,-0.75, 0.04,  0.0,
6872,2047.75,2047.75,0.00,23.10,-1.00,0,0.00,0.00,0.00,-203.40,0.43,1.57,1,1016.61,-6.01,-2.00,-34.56,0.39,-1.18,11.18,29.55,17.64,22.14,-0.75, 0.04,  0.0,
6885,2047.75,2047.75,0.00,23.10,-1.00,0,0.00,0.00,0.00,-203.40,0.43,1.57,-15234,1016.61,-8.19,-4.98,-36.60,0.86,-1.41,9.81,29.55,17.64,22.14,-0.79,0.34,-0.15,
6915,2047.75,2047.75,0.00,23.10,-0.25,0,0.00,0.00,0.00,-203.40,0.43,1.57,1,1016.52,-8.19,-4.98,-36.60,0.86,-1.41,9.81,29.55,17.64,22.14,-0.79,0.34,-0.15,
6948,2047.75,2047.75,0.00,23.10,-0.25,0,0.00,0.00,0.00,-203.40,0.71,1.57,1,1016.52,-14.48,-0.45,-41.63, 0.07,-2.47,9.57,29.27,20.27,25.00,-0.24,-0.08,0.19,
6982,2047.75,2047.75,0.00,23.10,-0.25,0,0.00,0.00,0.00,-203.40,0.43,1.29,1,1016.52,-10.44,0.22,-39.81,-0.03,-1.84,10.00,29.27,20.27,25.00,-0.38,0.12,0.41,
7016,2047.75,2047.75,0.00,23.10,-0.08,0,0.00,0.00,0.00,-203.40,0.43,1.57,1,1016.50,-11.84,0.24,-42.31,-0.03,-1.88,8.98,29.64,22.00,26.94,-0.55,-0.01,0.42,
7029,2047.75,2047.75,0.00,23.10,-0.08,0,0.00,0.00,0.00,-203.40,0.43,1.57,-15234,1016.50,-10.30,-0.23,-41.85, 0.03,-1.73,9.49,29.64,22.00,26.94,-0.25,-0.16,0.43,
7057,2047.75,2047.75,0.00,23.10,-0.50,0,0.00,0.00,0.00,-203.40,0.43,1.57,1,1016.55,-10.30,-0.23,-41.85, 0.03,-1.73,9.49,29.64,22.00,26.94,-0.25,-0.16,0.43,
7071,2047.75,2047.75,0.00,23.10,-0.50,0,0.00,0.00,0.00,-203.40,0.43,1.57,-15234,1016.55,-10.34,-0.64,-43.47,0.12,-1.88,10.32,29.73,23.27,28.06,-0.40,-0.19,0.45,
7099,2047.75,2047.75,0.00,23.10,-0.25,0,0.00,0.00,0.00,-203.40,0.43,1.57,1,1016.52,-10.34,-0.64,-43.47,0.12,-1.88,10.32,29.73,23.27,28.06,-0.40,-0.19,0.45,
7112,2047.75,2047.75,0.00,23.10,-0.25,0,0.00,0.00,0.00,-203.40,0.43,1.57,-15234,1016.52,-9.21,0.25,-46.16,-0.03,-1.41,8.71,28.36,25.27,29.39,-0.47,-0.31,0.34,
7141,2047.75,2047.75,0.00,23.10,-0.50,0,0.00,0.00,0.00,-203.40,0.43,1.57,1,1016.55,-9.21,0.25,-46.16,-0.03,-1.41,8.71,28.36,25.27,29.39,-0.47,-0.31,0.34,
7154,2047.75,2047.75,0.00,23.10,-0.50,0,0.00,0.00,0.00,-203.40,0.43,1.57,-15234,1016.55,-15.19,1.43,-48.00,-0.24,-2.47,9.10,28.36,25.27,29.39,  0.0,-0.22, 0.06,
7182,2047.75,2047.75,0.00,23.10,-0.08,0,0.00,0.00,0.00,-203.40,0.43,1.57,1,1016.50,-15.19,1.43,-48.00,-0.24,-2.47,9.10,28.36,25.27,29.39,  0.0,-0.22, 0.06,
7195,2047.75,2047.75,0.00,23.10,-0.08,0,0.00,0.00,0.00,-203.40,0.43,1.57,-15234,1016.50,-15.75,1.88,-48.09,-0.31,-2.59,9.18,28.27,25.36,28.88,0.31,-0.34,-0.32,
7225,2047.75,2047.75,0.00,23.10,-0.08,0,0.00,0.00,0.00,-203.40,0.43,1.57,1,1016.50,-15.75,1.88,-48.09,-0.31,-2.59,9.18,28.27,25.36,28.88,0.31,-0.34,-0.32,
7237,2047.75,2047.75,0.00,23.10,-0.08,0,0.00,0.00,0.00,-203.40,0.43,1.57,-15234,1016.50,-13.35,1.42,-47.41,-0.24,-2.20,9.26,28.27,25.36,28.88,0.45,-0.18,-0.43,
7265,2047.75,2047.75,0.00,23.10,-0.25,0,0.00,0.00,0.00,-203.40,0.43,1.57,1,1016.52,-13.35,1.42,-47.41,-0.24,-2.20,9.26,28.27,25.36,28.88,0.45,-0.18,-0.43,
7300,2047.75,2047.75,0.00,23.10,-0.75,0,0.00,0.00,0.00,-203.40,0.43,1.57,1,1016.58,-10.33,-2.28,-48.30,0.39,-1.77,9.69,27.27,25.18,26.94,0.57,-0.21,-0.45,
7334,2047.75,2047.75,0.00,23.10,-0.50,0,0.00,0.00,0.00,-203.40,0.43,1.57,1,1016.55,-14.14,-5.02,-49.49,0.90,-2.51,9.96,27.36,24.45,25.61,0.31,-0.11,-0.15,
7346,2047.75,2047.75,0.00,23.10,-0.50,0,0.00,0.00,0.00,-203.40,0.43,1.57,-15234,1016.55,-14.72,-3.05,-48.87,0.51,-2.43,9.26,27.36,24.45,25.61,-0.04,-0.10, 0.06,
7376,2047.75,2047.75,0.00,23.10,-0.08,0,0.00,0.00,0.00,-203.40,0.43,1.57,1,1016.50,-14.72,-3.05,-48.87,0.51,-2.43,9.26,27.36,24.45,25.61,-0.04,-0.10, 0.06,
7388,2047.75,2047.75,0.00,23.10,-0.08,0,0.00,0.00,0.00,-203.40,0.43,1.57,-15234,1016.50,-7.18,-6.29,-47.75,1.18,-1.33,10.59,27.36,24.18,25.82, 0.03,-0.13,0.42,
7416,2047.75,2047.75,0.00,23.10,-0.50,0,0.00,0.00,0.00,-203.40,0.43,1.57,1,1016.55,-7.18,-6.29,-47.75,1.18,-1.33,10.59,27.36,24.18,25.82, 0.03,-0.13,0.42,
7436,2047.75,2047.75,0.00,23.10,-0.50,0,0.00,0.00,0.00,-203.40,0.71,1.57,-15234,1016.55,-10.67,-3.28,-47.53,0.51,-1.65,8.75,27.36,24.18,25.82,-0.28,0.15,0.65,
7464,2047.75,2047.75,0.00,23.10,-0.08,0,0.00,0.00,0.00,-203.40,0.71,1.57,1,1016.50,-10.67,-3.28,-47.53,0.51,-1.65,8.75,27.36,24.18,25.82,-0.28,0.15,0.65,
7477,2047.75,2047.75,0.00,23.10,-0.08,0,0.00,0.00,0.00,-203.40,0.43,1.57,-15234,1016.50,-13.11,-0.22,-45.34, 0.03,-2.28,9.77,28.36,23.18,26.63,-0.15,-0.03,0.65,
7506,2047.75,2047.75,0.00,23.10,-0.25,0,0.00,0.00,0.00,-203.40,0.43,1.57,1,1016.52,-13.11,-0.22,-45.34, 0.03,-2.28,9.77,28.36,23.18,26.63,-0.15,-0.03,0.65,
7519,2047.75,2047.75,0.00,23.10,-0.25,0,0.00,0.00,0.00,-203.40,0.43,1.57,-15234,1016.52,-15.79,1.32,-44.48,-0.24,-2.79,9.85,29.09,22.36,27.55,-0.28, 0.02,0.22,
7547,2047.75,2047.75,0.00,23.10,0.17,0,0.00,0.00,0.00,-203.40,0.43,1.57,1,1016.47,-15.79,1.32,-44.48,-0.24,-2.79,9.85,29.09,22.36,27.55,-0.28, 0.02,0.22,
7560,2047.75,2047.75,0.00,23.10,0.17,0,0.00,0.00,0.00,-203.40,0.43,1.57,-15234,1016.47,-17.90,4.81,-44.18,-0.78,-2.86,8.87,29.09,22.36,27.55,-0.27, -0.0,-0.27,
7589,2047.75,2047.75,0.00,23.10,-0.08,0,0.00,0.00,0.00,-203.40,0.43,1.57,1,1016.50,-17.90,4.81,-44.18,-0.78,-2.86,8.87,29.09,22.36,27.55,-0.27, -0.0,-0.27,
7602,2047.75,2047.75,0.00,23.10,-0.08,0,0.00,0.00,0.00,-203.40,0.71,1.57,-15234,1016.50,-15.98,0.44,-47.77,-0.07,-2.79,9.73,28.36,24.45,28.78,0.32,-0.34,-0.45,
7630,2047.75,2047.75,0.00,23.10,-0.08,0,0.00,0.00,0.00,-203.40,0.71,1.57,1,1016.50,-15.98,0.44,-47.77,-0.07,-2.79,9.73,28.36,24.45,28.78,0.32,-0.34,-0.45,
7644,2047.75,2047.75,0.00,23.10,-0.08,0,0.00,0.00,0.00,-203.40,0.71,1.57,-15234,1016.50,-9.99,-0.92,-48.94,0.16,-1.69,9.57,26.73,25.73,28.27,-0.05,-0.10,-0.53,
7672,2047.75,2047.75,0.00,23.10,-0.08,0,0.00,0.00,0.00,-203.40,0.71,1.57,1,1016.50,-9.99,-0.92,-48.94,0.16,-1.69,9.57,26.73,25.73,28.27,-0.05,-0.10,-0.53,
7705,2047.75,2047.75,0.00,23.10,-0.50,0,0.00,0.00,0.00,-203.40,0.43,1.57,1,1016.55,-16.98,-2.91,-51.97,0.47,-2.71,8.87,26.73,25.73,28.27,-0.17,0.17,-0.13,
7740,2047.75,2047.75,0.00,23.10,-0.50,0,0.00,0.00,0.00,-203.40,0.43,1.57,1,1016.55,-10.89,2.82,-48.15,-0.47,-1.80,9.38,27.09,26.36,30.00,-0.07, 0.04,0.13,
7773,2047.75,2047.75,0.00,23.10,-0.25,0,0.00,0.00,0.00,-203.40,0.43,1.57,1,1016.52,-13.85,-1.55,-51.08,0.24,-2.08,8.43,27.09,26.36,30.00,-0.07,-0.12,0.13,
7786,2047.75,2047.75,0.00,23.10,-0.25,0,0.00,0.00,0.00,-203.40,0.43,1.29,-15234,1016.52,-7.89,-1.43,-48.93,0.24,-1.29,9.34,27.18,26.55,30.10,-0.25,-0.10,0.25,
7815,2047.75,2047.75,0.00,23.10,-0.50,0,0.00,0.00,0.00,-203.40,0.43,1.29,1,1016.55,-7.89,-1.43,-48.93,0.24,-1.29,9.34,27.18,26.55,30.10,-0.25,-0.10,0.25,
7828,2047.75,2047.75,0.00,23.10,-0.50,0,0.00,0.00,0.00,-203.40,0.43,1.57,-15234,1016.55,-15.66,-2.31,-52.04,0.39,-2.63,9.38,27.18,26.55,30.10,0.14,-0.14,0.59,
7856,2047.75,2047.75,0.00,23.10,0.17,0,0.00,0.00,0.00,-203.40,0.43,1.57,1,1016.47,-15.66,-2.31,-52.04,0.39,-2.63,9.38,27.18,26.55,30.10,0.14,-0.14,0.59,
7869,2047.75,2047.75,0.00,23.10,0.17,0,0.00,0.00,0.00,-203.40,0.43,1.57,-15234,1016.47,-18.07,1.59,-49.43,-0.27,-3.06,9.38,27.45,24.73,29.69,  0.0,-0.01,0.21,
7898,2047.75,2047.75,0.00,23.10,-0.50,0,0.00,0.00,0.00,-203.40,0.43,1.57,1,1016.55,-18.07,1.59,-49.43,-0.27,-3.06,9.38,27.45,24.73,29.69,  0.0,-0.01,0.21,
7911,2047.75,2047.75,0.00,23.10,-0.50,0,0.00,0.00,0.00,-203.40,0.43,1.57,-15234,1016.55,-16.57,0.23,-48.83,-0.03,-2.82,9.49,28.00,24.82,29.18, 0.04,-0.07,-0.10,
7939,2047.75,2047.75,0.00,23.10,-0.50,0,0.00,0.00,0.00,-203.40,0.43,1.57,1,1016.55,-16.57,0.23,-48.83,-0.03,-2.82,9.49,28.00,24.82,29.18, 0.04,-0.07,-0.10,
7974,2047.75,2047.75,0.00,23.10,-0.08,0,0.00,0.00,0.00,-203.40,0.43,1.57,1,1016.50,-14.36,-0.23,-48.26, 0.03,-2.47,9.65,28.00,24.82,29.18,-0.01,-0.07,-0.26,
7986,2047.75,2047.75,0.00,23.10,-0.08,0,0.00,0.00,0.00,-203.40,0.43,1.57,-15234,1016.50,-22.55,0.38,-52.18,-0.07,-4.51,10.87,27.64,26.18,30.20, 0.03,-0.08,-0.77,
8014,2047.75,2047.75,0.00,23.10,-0.25,0,0.00,0.00,0.00,-203.40,0.43,1.57,1,1016.52,-22.55,0.38,-52.18,-0.07,-4.51,10.87,27.64,26.18,30.20, 0.03,-0.08,-0.77,
8028,2047.75,2047.75,0.00,23.10,-0.25,0,0.00,0.00,0.00,-203.40,0.71,1.57,-15234,1016.52,-12.06,10.16,-45.42,-1.88,-2.20,10.28,27.64,26.18,30.20,0.43, 0.09,-0.28,
8056,2047.75,2047.75,0.00,23.10,-0.08,0,0.00,0.00,0.00,-203.40,0.71,1.57,1,1016.50,-12.06,10.16,-45.42,-1.88,-2.20,10.28,27.64,26.18,30.20,0.43, 0.09,-0.28,
8069,2047.75,2047.75,0.00,23.10,-0.08,0,0.00,0.00,0.00,-203.40,0.43,1.57,-15234,1016.50,-11.74,-2.67,-51.07,0.43,-1.88,9.06,27.64,27.00,31.02,  0.0,-0.06,-0.06,
8098,2047.75,2047.75,0.00,23.10,-0.08,0,0.00,0.00,0.00,-203.40,0.43,1.57,1,1016.50,-11.74,-2.67,-51.07,0.43,-1.88,9.06,27.64,27.00,31.02,  0.0,-0.06,-0.06,
8131,2047.75,2047.75,0.00,23.10,-0.25,0,0.00,0.00,0.00,-203.40,0.43,1.57,1,1016.52,-11.64,-4.33,-52.38,0.71,-1.88,9.14,27.27,27.09,31.22,-0.01,-0.09,0.23,
8144,2047.75,2047.75,0.00,23.10,-0.25,0,0.00,0.00,0.00,-203.40,0.43,1.29,-15234,1016.52,-12.88,-1.75,-51.53,0.27,-2.00,8.75,27.27,27.09,31.22,  0.0,-0.16,0.35,
8172,2047.75,2047.75,0.00,23.10,-0.08,0,0.00,0.00,0.00,-203.40,0.43,1.29,1,1016.50,-12.88,-1.75,-51.53,0.27,-2.00,8.75,27.27,27.09,31.22,  0.0,-0.16,0.35,
8194,2047.75,2047.75,0.00,23.10,-0.08,0,0.00,0.00,0.00,-203.40,0.43,1.29,-15234,1016.50,-15.06,2.00,-49.31,-0.35,-2.63,9.77,27.45,25.82,30.41,-0.14,-0.27,0.58,
8222,2047.75,2047.75,0.00,23.10,-0.75,0,0.00,0.00,0.00,-203.40,0.43,1.29,1,1016.58,-15.06,2.00,-49.31,-0.35,-2.63,9.77,27.45,25.82,30.41,-0.14,-0.27,0.58,
8255,2047.75,2047.75,0.00,23.10,0.17,0,0.00,0.00,0.00,-203.40,0.43,1.57,1,1016.47,-19.87,-0.23,-51.66, 0.03,-3.37,9.34,27.45,25.82,30.41,-0.01,-0.04,0.26,
8269,2047.75,2047.75,0.00,23.10,0.17,0,0.00,0.00,0.00,-203.40,0.71,1.57,-15234,1016.47,-15.68,-0.44,-49.63, 0.07,-2.79,9.92,27.82,25.27,30.31,0.24, 0.06,0.25,
8297,2047.75,2047.75,0.00,23.10,-0.75,0,0.00,0.00,0.00,-203.40,0.71,1.57,1,1016.58,-15.68,-0.44,-49.63, 0.07,-2.79,9.92,27.82,25.27,30.31,0.24, 0.06,0.25,
8331,2047.75,2047.75,0.00,23.10,0.66,0,0.00,0.00,0.00,-203.40,0.71,1.57,1,1016.41,-12.43,0.47,-47.37,-0.07,-2.04,9.26,28.18,24.73,31.12, 0.04,-0.05,-0.17,
8365,2047.75,2047.75,0.00,23.10,0.17,0,0.00,0.00,0.00,-203.40,0.43,1.57,1,1016.47,-13.93,2.55,-47.13,-0.47,-2.55,10.28,28.18,24.73,31.12,0.16, 0.01,-0.39,
8398,2047.75,2047.75,0.00,23.10,-0.08,0,0.00,0.00,0.00,-203.40,0.43,1.57,1,1016.50,-14.77,-0.00,-50.56,0.00,-2.28,8.63,27.00,25.64,31.53,0.13,0.16,-0.41,
8411,2047.75,2047.75,0.00,23.10,-0.08,0,0.00,0.00,0.00,-203.40,0.43,1.57,-15234,1016.50,-11.54,1.87,-48.48,-0.31,-1.92,9.41,27.00,25.64,31.53,0.21,-0.03,-0.19,
8440,2047.75,2047.75,0.00,23.10,-0.75,0,0.00,0.00,0.00,-203.40,0.43,1.57,1,1016.58,-11.54,1.87,-48.48,-0.31,-1.92,9.41,27.00,25.64,31.53,0.21,-0.03,-0.19,
8453,2047.75,2047.75,0.00,23.10,-0.75,0,0.00,0.00,0.00,-203.40,0.43,1.57,-15234,1016.58,-14.49,-1.18,-50.56,0.20,-2.39,9.26,27.64,25.73,32.24,-0.07,-0.09, 0.05,
8481,2047.75,2047.75,0.00,23.10,-0.33,0,0.00,0.00,0.00,-203.40,0.43,1.57,1,1016.53,-14.49,-1.18,-50.56,0.20,-2.39,9.26,27.64,25.73,32.24,-0.07,-0.09, 0.05,
8514,2047.75,2047.75,0.00,23.10,-0.08,0,0.00,0.00,0.00,-203.40,0.43,1.57,1,1016.50,-9.38,-0.26,-48.08, 0.03,-1.41,8.55,27.64,25.73,32.24,-0.14,-0.07,0.26,
8528,2047.75,2047.75,0.00,23.10,-0.08,0,0.00,0.00,0.00,-203.40,0.43,1.57,-15234,1016.50,-9.02,0.24,-47.47,-0.03,-1.45,9.14,27.73,25.64,32.14,-0.07,-0.11,0.62,
8556,2047.75,2047.75,0.00,23.10,-0.08,0,0.00,0.00,0.00,-203.40,0.43,1.57,1,1016.50,-9.02,0.24,-47.47,-0.03,-1.45,9.14,27.73,25.64,32.14,-0.07,-0.11,0.62,
8589,2047.75,2047.75,0.00,23.10,0.41,0,0.00,0.00,0.00,-203.40,0.43,1.57,1,1016.44,-16.88,0.64,-50.43,-0.12,-3.06,10.08,27.73,25.64,32.14,-0.02,-0.02,0.34,
8603,2047.75,2047.75,0.00,23.10,0.41,0,0.00,0.00,0.00,-203.40,0.43,1.57,-15234,1016.44,-15.20,0.44,-47.85,-0.07,-2.71,9.96,28.73,24.45,31.84, 0.03, -0.0,0.37,
8631,2047.75,2047.75,0.00,23.10,-0.75,0,0.00,0.00,0.00,-203.40,0.43,1.57,1,1016.58,-15.20,0.44,-47.85,-0.07,-2.71,9.96,28.73,24.45,31.84, 0.03, -0.0,0.37,
8664,2047.75,2047.75,0.00,23.10,-0.33,0,0.00,0.00,0.00,-203.40,0.71,1.57,1,1016.53,-16.89,0.44,-47.88,-0.07,-2.94,9.69,28.82,23.82,31.94, 0.05,-0.02,0.17,
8678,2047.75,2047.75,0.00,23.10,-0.33,0,0.00,0.00,0.00,-203.40,0.43,1.29,-15234,1016.53,-14.80,2.35,-46.29,-0.35,-2.20,8.32,28.82,23.82,31.94,-0.34, 0.06,-0.23,
8706,2047.75,2047.75,0.00,23.10,-0.33,0,0.00,0.00,0.00,-203.40,0.43,1.29,1,1016.53,-14.80,2.35,-46.29,-0.35,-2.20,8.32,28.82,23.82,31.94,-0.34, 0.06,-0.23,
8740,2047.75,2047.75,0.00,23.10,-0.33,0,0.00,0.00,0.00,-203.40,0.43,1.57,1,1016.53,-17.32,3.52,-48.32,-0.71,-3.41,10.94,28.82,25.36,32.65,0.15,-0.14,-0.88,
8753,2047.75,2047.75,0.00,23.10,-0.33,0,0.00,0.00,0.00,-203.40,0.43,1.57,-15234,1016.53,-14.66,1.40,-48.11,-0.24,-2.43,9.30,28.82,25.36,32.65, 0.09,-0.03,-0.56,
8781,2047.75,2047.75,0.00,23.10,0.41,0,0.00,0.00,0.00,-203.40,0.43,1.57,1,1016.44,-14.66,1.40,-48.11,-0.24,-2.43,9.30,28.82,25.36,32.65, 0.09,-0.03,-0.56,
8794,2047.75,2047.75,0.00,23.10,0.41,0,0.00,0.00,0.00,-203.40,0.43,1.57,-15234,1016.44,-14.30,0.22,-51.40,-0.03,-2.51,9.85,27.55,27.18,33.57,0.19,-0.03,-0.15,
8822,2047.75,2047.75,0.00,23.10,-0.75,0,0.00,0.00,0.00,-203.40,0.43,1.57,1,1016.58,-14.30,0.22,-51.40,-0.03,-2.51,9.85,27.55,27.18,33.57,0.19,-0.03,-0.15,
8856,2047.75,2047.75,0.00,23.10,-0.33,0,0.00,0.00,0.00,-203.40,0.43,1.57,1,1016.53,-12.13,-0.93,-51.13,0.16,-2.04,9.49,27.55,27.18,33.57,  0.0,-0.20,0.29,
8869,2047.75,2047.75,0.00,23.10,-0.33,0,0.00,0.00,0.00,-203.40,0.43,1.57,-15234,1016.53,-13.03,0.88,-49.46,-0.16,-2.31,10.00,28.00,26.36,33.37,0.12,-0.11,0.74,
8897,2047.75,2047.75,0.00,23.10,-0.33,0,0.00,0.00,0.00,-203.40,0.43,1.57,1,1016.53,-13.03,0.88,-49.46,-0.16,-2.31,10.00,28.00,26.36,33.37,0.12,-0.11,0.74,
8916,2047.75,2047.75,0.00,23.10,-0.33,0,0.00,0.00,0.00,-203.40,0.71,1.57,-15234,1016.53,-12.09,-0.25,-46.73, 0.03,-1.88,8.79,29.09,24.36,33.16,-0.11,-0.08,0.84,
8945,2047.75,2047.75,0.00,23.10,-0.08,0,0.00,0.00,0.00,-203.40,0.71,1.57,1,1016.50,-12.09,-0.25,-46.73, 0.03,-1.88,8.79,29.09,24.36,33.16,-0.11,-0.08,0.84,
8959,2047.75,2047.75,0.00,23.10,-0.08,0,0.00,0.00,0.00,-203.40,0.43,1.57,-15234,1016.50,-16.83,3.68,-47.08,-0.63,-2.82,9.34,29.09,24.36,33.16,0.23, 0.06,0.49,
8988,2047.75,2047.75,0.00,23.10,-0.50,0,0.00,0.00,0.00,-203.40,0.43,1.57,1,1016.55,-16.83,3.68,-47.08,-0.63,-2.82,9.34,29.09,24.36,33.16,0.23, 0.06,0.49,
9002,2047.75,2047.75,0.00,23.10,-0.50,0,0.00,0.00,0.00,-203.40,0.43,1.57,-15234,1016.55,-10.78,3.35,-42.17,-0.59,-1.88,9.89,30.09,22.91,33.16,-0.14,0.12,0.21,
9030,2047.75,2047.75,0.00,23.10,0.17,0,0.00,0.00,0.00,-203.40,0.43,1.57,1,1016.47,-10.78,3.35,-42.17,-0.59,-1.88,9.89,30.09,22.91,33.16,-0.14,0.12,0.21,
9045,2047.75,2047.75,0.00,23.10,0.17,0,0.00,0.00,0.00,-203.40,0.43,1.57,-15234,1016.47,-13.51,3.82,-43.80,-0.63,-2.20,9.14,30.27,23.45,33.88, 0.01,-0.04,-0.19,
9073,2047.75,2047.75,0.00,23.10,-0.33,0,0.00,0.00,0.00,-203.40,0.43,1.57,1,1016.53,-13.51,3.82,-43.80,-0.63,-2.20,9.14,30.27,23.45,33.88, 0.01,-0.04,-0.19,
