/****************************************/
Karman Summer Telemetry Newer Hotness Data
/****************************************/
3683,2047.75,0.00,0.00,0.00,0.00,0,0.00,0.00,0.00,0.00,0.00,0.00,1,1008.23,0.00,0.00,0.00,0.00,0.00,0.00,0.00,0.00,0.00,0.00,0.00,0.00,
3714,2047.75,2047.75,0.00,18.90,-0.25,0,0.00,0.00,0.00,0.00,0.00,0.00,1,1008.26,0.00,0.00,0.00,0.00,0.00,0.00,0.00,0.00,0.00,0.00,0.00,0.00,
3729,2047.75,2047.75,0.00,18.90,-0.25,0,0.00,0.00,0.00,-203.40,-0.14,1.00,-15234,1008.26,-14.04,85.30,-15.74,-9.85,-0.20,0.78,57.09,4.82,123.16, 0.02, -0.0,  0.0,
3761,2047.75,2047.75,0.00,18.90,0.50,0,0.00,0.00,0.00,-203.40,-0.14,1.00,1,1008.17,-14.04,85.30,-15.74,-9.85,-0.20,0.78,57.09,4.82,123.16, 0.02, -0.0,  0.0,
3797,2047.75,2047.75,0.00,18.90,0.00,0,0.00,0.00,0.00,-203.40,0.14,1.00,1,1008.23,-8.13,85.15,-10.10,-9.81,-0.12,0.82,57.00,5.00,122.76, 0.02,-0.07, 0.02,
3812,2047.75,2047.75,0.00,18.90,0.00,0,0.00,0.00,0.00,-203.40,-0.14,1.00,-15234,1008.23,-10.78,85.15,-12.67,-9.89,-0.16,0.82,57.00,5.00,122.76,  0.0,-0.07, 0.02,
3843,2047.75,2047.75,0.00,18.90,0.75,0,0.00,0.00,0.00,-203.40,-0.14,1.00,1,1008.14,-10.78,85.15,-12.67,-9.89,-0.16,0.82,57.00,5.00,122.76,  0.0,-0.07, 0.02,
3877,2047.75,2047.75,0.00,18.90,-0.25,0,0.00,0.00,0.00,-203.40,-0.14,1.00,1,1008.26,-8.13,85.21,-10.10,-9.92,-0.12,0.82,56.91,5.00,122.96, 0.02,-0.06, 0.02,
3911,2047.75,2047.75,0.00,18.90,0.00,0,0.00,0.00,0.00,-203.40,-0.14,1.00,1,1008.23,-10.78,85.19,-12.67,-9.96,-0.16,0.82,56.91,5.00,122.96, 0.02,-0.07, 0.02,
3945,2047.75,2047.75,0.00,18.90,0.25,0,0.00,0.00,0.00,-203.40,-0.14,1.00,1,1008.20,-13.39,85.08,-15.14,-9.85,-0.20,0.82,56.91,4.91,122.96, 0.02,-0.07, 0.02,
3980,2047.75,2047.75,0.00,18.90,0.25,0,0.00,0.00,0.00,-203.40,-0.14,1.00,1,1008.20,-5.19,84.95,-7.22,-9.81,-0.07,0.86,56.91,4.91,122.96, 0.02, -0.0, 0.02,
4014,2047.75,2047.75,0.00,18.90,0.25,0,0.00,0.00,0.00,-203.40,-0.14,1.00,1,1008.20,-8.13,85.17,-10.07,-9.85,-0.12,0.82,57.00,4.91,122.65, 0.02,-0.06, 0.02,
4047,2047.75,2047.75,0.00,18.90,0.25,0,0.00,0.00,0.00,-203.40,-0.14,1.00,1,1008.20,-8.53,85.39,-10.47,-9.85,-0.12,0.78,57.00,4.91,122.65, 0.02,-0.07, 0.01,
4083,2047.75,2047.75,0.00,18.90,-0.50,0,0.00,0.00,0.00,-203.40,-0.14,1.00,1,1008.29,-10.30,84.91,-12.10,-9.85,-0.16,0.86,57.09,4.82,122.86, 0.02, -0.0, 0.02,
4116,2047.75,2047.75,0.00,18.90,-0.75,0,0.00,0.00,0.00,-203.40,-0.14,1.00,1,1008.32,-10.30,84.91,-12.14,-9.85,-0.16,0.86,57.09,4.91,122.96, 0.02,-0.07,  0.0,
4130,2047.75,2047.75,0.00,18.90,-0.75,0,0.00,0.00,0.00,-203.40,-0.14,1.00,-15234,1008.32,-11.31,85.35,-13.15,-9.85,-0.16,0.78,57.09,4.91,122.96, 0.02,-0.07, 0.02,
4159,2047.75,2047.75,0.00,18.90,-0.50,0,0.00,0.00,0.00,-203.40,-0.14,1.00,1,1008.29,-11.31,85.35,-13.15,-9.85,-0.16,0.78,57.09,4.91,122.96, 0.02,-0.07, 0.02,
4173,2047.75,2047.75,0.00,18.90,-0.50,0,0.00,0.00,0.00,-203.40,-0.14,1.00,-15234,1008.29,-4.97,84.77,-6.95,-9.89,-0.07,0.90,57.00,4.82,122.96, 0.02,-0.07, 0.02,
4201,2047.75,2047.75,0.00,18.90,-0.50,0,0.00,0.00,0.00,-203.40,-0.14,1.00,1,1008.29,-4.97,84.77,-6.95,-9.89,-0.07,0.90,57.00,4.82,122.96, 0.02,-0.07, 0.02,
4216,2047.75,2047.75,0.00,18.90,-0.50,0,0.00,0.00,0.00,-203.40,-0.14,1.00,-15234,1008.29,-10.30,84.89,-12.10,-9.81,-0.16,0.86,57.00,4.82,122.96, 0.02,-0.07, 0.02,
4244,2047.75,2047.75,0.00,18.90,0.75,0,0.00,0.00,0.00,-203.40,-0.14,1.00,1,1008.14,-10.30,84.89,-12.10,-9.81,-0.16,0.86,57.00,4.82,122.96, 0.02,-0.07, 0.02,
4278,2047.75,2047.75,0.00,18.90,-0.50,0,0.00,0.00,0.00,-203.40,-0.14,1.00,1,1008.29,-7.77,84.96,-9.74,-9.89,-0.12,0.86,56.64,5.00,122.96, 0.02,-0.06, 0.02,
4313,2047.75,2047.75,0.00,18.90,-0.75,0,0.00,0.00,0.00,-203.40,-0.14,1.00,1,1008.32,-5.19,84.95,-7.26,-9.81,-0.07,0.86,56.64,5.00,122.96, 0.02, -0.0,  0.0,
4347,2047.75,2047.75,0.00,18.90,-0.50,0,0.00,0.00,0.00,-203.40,-0.14,1.00,1,1008.29,-11.89,85.56,-13.76,-9.81,-0.16,0.75,57.00,5.00,123.27, 0.02,-0.07,  0.0,
4381,2047.75,2047.75,0.00,18.90,0.25,0,0.00,0.00,0.00,-203.40,-0.14,1.00,1,1008.20,-5.19,85.01,-7.25,-9.92,-0.07,0.86,57.00,5.00,123.27, 0.02,-0.07, 0.01,
4415,2047.75,2047.75,0.00,18.90,-0.75,0,0.00,0.00,0.00,-203.40,-0.14,1.00,1,1008.32,-8.13,85.17,-9.94,-9.85,-0.12,0.82,56.91,4.64,122.96, 0.02,-0.07, 0.02,
4450,2047.75,2047.75,0.00,18.90,-0.50,0,0.00,0.00,0.00,-203.40,-0.14,1.00,1,1008.29,-10.30,84.93,-12.23,-9.89,-0.16,0.86,56.91,5.09,122.76, 0.02, -0.0, 0.02,
4483,2047.75,2047.75,0.00,18.90,-0.50,0,0.00,0.00,0.00,-203.40,-0.14,1.00,1,1008.29,-10.78,85.15,-12.71,-9.89,-0.16,0.82,56.91,5.09,122.76, 0.02,-0.07, 0.02,
4497,2047.75,2047.75,0.00,18.90,-0.50,0,0.00,0.00,0.00,-203.40,-0.14,1.00,-15234,1008.29,-10.30,84.93,-12.02,-9.89,-0.16,0.86,56.91,4.64,123.06,  0.0, -0.0, 0.02,
4526,2047.75,2047.75,0.00,18.90,-0.25,0,0.00,0.00,0.00,-203.40,-0.14,1.00,1,1008.26,-10.30,84.93,-12.02,-9.89,-0.16,0.86,56.91,4.64,123.06,  0.0, -0.0, 0.02,
4540,2047.75,2047.75,0.00,18.90,-0.25,0,0.00,0.00,0.00,-203.40,-0.14,1.00,-15234,1008.26,-14.04,85.32,-15.66,-9.89,-0.20,0.78,56.91,4.64,123.06,  0.0,-0.07, 0.02,
4568,2047.75,2047.75,0.00,18.90,-0.25,0,0.00,0.00,0.00,-203.40,-0.14,1.00,1,1008.26,-14.04,85.32,-15.66,-9.89,-0.20,0.78,56.91,4.64,123.06,  0.0,-0.07, 0.02,
4603,2047.75,2047.75,0.00,18.90,0.00,0,0.00,0.00,0.00,-203.40,-0.14,1.00,1,1008.23,-8.97,85.64,-10.78,-9.89,-0.12,0.75,57.00,4.64,123.06, 0.03,-0.07, 0.01,
4637,2047.75,2047.75,0.00,18.90,0.00,0,0.00,0.00,0.00,-203.40,-0.14,1.00,1,1008.23,-10.78,85.17,-12.50,-9.92,-0.16,0.82,57.00,4.64,123.06, 0.02,-0.07, 0.01,
4679,2047.75,2047.75,0.00,18.90,0.75,0,0.00,0.00,0.00,-203.40,-0.14,1.00,1,1008.14,-5.44,85.20,-7.55,-9.85,-0.07,0.82,56.91,5.09,122.96,  0.0,-0.07,  0.0,
4714,2047.75,2047.75,0.00,18.90,0.75,0,0.00,0.00,0.00,-203.40,-0.14,1.00,1,1008.14,-8.13,85.17,-10.14,-9.85,-0.12,0.82,56.91,5.09,122.96, 0.02,-0.07,  0.0,
4748,2047.75,2047.75,0.00,18.90,0.00,0,0.00,0.00,0.00,-203.40,-0.14,1.00,1,1008.23,-7.77,84.92,-9.58,-9.81,-0.12,0.86,56.91,4.64,122.65, 0.02,-0.07, 0.02,
4761,2047.75,2047.75,0.00,18.90,0.00,0,0.00,0.00,0.00,-203.40,-0.14,1.00,-15234,1008.23,-7.43,84.72,-9.24,-9.85,-0.12,0.90,56.91,4.64,122.65, 0.02,-0.07, 0.01,
4789,2047.75,2047.75,0.00,18.90,0.25,0,0.00,0.00,0.00,-203.40,-0.14,1.00,1,1008.20,-7.43,84.72,-9.24,-9.85,-0.12,0.90,56.91,4.64,122.65, 0.02,-0.07, 0.01,
4804,2047.75,2047.75,0.00,18.90,0.25,0,0.00,0.00,0.00,-203.40,-0.14,1.00,-15234,1008.20,-10.30,84.93,-12.14,-9.89,-0.16,0.86,57.18,4.91,123.06, 0.02,-0.07,  0.0,
4832,2047.75,2047.75,0.00,18.90,0.25,0,0.00,0.00,0.00,-203.40,-0.14,1.00,1,1008.20,-10.30,84.93,-12.14,-9.89,-0.16,0.86,57.18,4.91,123.06, 0.02,-0.07,  0.0,
4866,2047.75,2047.75,0.00,18.90,-0.75,0,0.00,0.00,0.00,-203.40,-0.14,1.00,1,1008.32,-10.78,85.15,-12.71,-9.89,-0.16,0.82,57.00,5.09,122.86, 0.02,-0.06, 0.02,
4901,2047.75,2047.75,0.00,18.90,0.75,0,0.00,0.00,0.00,-203.40,-0.14,0.71,1,1008.14,-7.43,84.74,-9.44,-9.89,-0.12,0.90,57.00,5.09,122.86, 0.02,-0.06, 0.01,
4935,2047.75,2047.75,0.00,18.90,-0.50,0,0.00,0.00,0.00,-203.40,-0.14,1.00,1,1008.29,-4.76,84.52,-6.78,-9.85,-0.07,0.94,56.82,4.91,122.86, 0.02,-0.07,  0.0,
4968,2047.75,2047.75,0.00,18.90,0.25,0,0.00,0.00,0.00,-203.40,-0.14,1.00,1,1008.20,-9.87,84.69,-11.71,-9.85,-0.16,0.90,56.82,4.91,122.86, 0.02,-0.07, 0.01,
4983,2047.75,2047.75,0.00,18.90,0.25,0,0.00,0.00,0.00,-203.40,-0.14,1.00,-15234,1008.20,-6.01,85.65,-8.00,-9.85,-0.07,0.75,57.09,4.82,122.86, 0.02,-0.07, 0.02,
5011,2047.75,2047.75,0.00,18.90,0.25,0,0.00,0.00,0.00,-203.40,-0.14,1.00,1,1008.20,-6.01,85.65,-8.00,-9.85,-0.07,0.75,57.09,4.82,122.86, 0.02,-0.07, 0.02,
5025,2047.75,2047.75,0.00,18.90,0.25,0,0.00,0.00,0.00,-203.40,-0.14,0.71,-15234,1008.20,-7.77,84.94,-9.65,-9.85,-0.12,0.86,57.09,4.82,122.86, 0.02,-0.07,  0.0,
5054,2047.75,2047.75,0.00,18.90,0.00,0,0.00,0.00,0.00,-203.40,-0.14,0.71,1,1008.23,-7.77,84.94,-9.65,-9.85,-0.12,0.86,57.09,4.82,122.86, 0.02,-0.07,  0.0,
5088,2047.75,2047.75,0.00,18.90,-0.25,0,0.00,0.00,0.00,-203.40,-0.14,1.00,1,1008.26,-8.53,85.43,-10.46,-9.92,-0.12,0.78,57.00,4.91,123.16, 0.02, -0.0, 0.02,
5122,2047.75,2047.75,0.00,18.90,-0.50,0,0.00,0.00,0.00,-203.40,-0.14,1.00,1,1008.29,-12.80,84.88,-14.47,-9.89,-0.20,0.86,57.00,4.73,123.06, 0.02,-0.07, 0.01,
5135,2047.75,2047.75,0.00,18.90,-0.50,0,0.00,0.00,0.00,-203.40,-0.14,1.00,-15234,1008.29,-8.13,85.17,-9.98,-9.85,-0.12,0.82,57.00,4.73,123.06, 0.02,-0.07, 0.01,
5164,2047.75,2047.75,0.00,18.90,0.50,0,0.00,0.00,0.00,-203.40,-0.14,1.00,1,1008.17,-8.13,85.17,-9.98,-9.85,-0.12,0.82,57.00,4.73,123.06, 0.02,-0.07, 0.01,
5178,2047.75,2047.75,0.00,18.90,0.50,0,0.00,0.00,0.00,-203.40,-0.14,1.00,-15234,1008.17,-11.31,85.35,-13.14,-9.85,-0.16,0.78,57.00,4.91,123.27, 0.02, -0.0, 0.02,
5206,2047.75,2047.75,0.00,18.90,-0.25,0,0.00,0.00,0.00,-203.40,-0.14,1.00,1,1008.26,-11.31,85.35,-13.14,-9.85,-0.16,0.78,57.00,4.91,123.27, 0.02, -0.0, 0.02,
5220,2047.75,2047.75,0.00,18.90,-0.25,0,0.00,0.00,0.00,-203.40,-0.14,1.00,-15234,1008.26,-10.30,84.95,-12.14,-9.92,-0.16,0.86,57.00,4.91,123.27, 0.02,-0.06,  0.0,
5249,2047.75,2047.75,0.00,18.90,-0.50,0,0.00,0.00,0.00,-203.40,-0.14,1.00,1,1008.29,-10.30,84.95,-12.14,-9.92,-0.16,0.86,57.00,4.91,123.27, 0.02,-0.06,  0.0,
5283,2047.75,2047.75,0.00,18.90,-0.50,0,0.00,0.00,0.00,-203.40,-0.14,1.00,1,1008.29,-14.04,85.30,-15.78,-9.85,-0.20,0.78,56.91,4.91,122.86,  0.0,-0.07, 0.02,
5318,2047.75,2047.75,0.00,18.90,-0.25,0,0.00,0.00,0.00,-203.40,-0.14,1.00,1,1008.26,-8.97,85.62,-10.87,-9.85,-0.12,0.75,56.73,4.82,123.06, 0.02,-0.07,  0.0,
5331,2047.75,2047.75,0.00,18.90,-0.25,0,0.00,0.00,0.00,-203.40,-0.14,1.00,-15234,1008.26,-11.89,85.58,-13.69,-9.85,-0.16,0.75,56.73,4.82,123.06, 0.02,-0.06,  0.0,
5359,2047.75,2047.75,0.00,19.00,0.00,0,0.00,0.00,0.00,-203.40,-0.14,1.00,1,1008.23,-11.89,85.58,-13.69,-9.85,-0.16,0.75,56.73,4.82,123.06, 0.02,-0.06,  0.0,
5373,2047.75,2047.75,0.00,19.00,0.00,0,0.00,0.00,0.00,-203.40,-0.14,1.00,-15234,1008.23,-10.78,85.09,-12.62,-9.77,-0.16,0.82,56.82,4.91,123.06, 0.02,-0.07, 0.02,
5402,2047.75,2047.75,0.00,18.90,-0.50,0,0.00,0.00,0.00,-203.40,-0.14,1.00,1,1008.29,-10.78,85.09,-12.62,-9.77,-0.16,0.82,56.82,4.91,123.06, 0.02,-0.07, 0.02,
5420,2047.75,2047.75,0.00,18.90,-0.50,0,0.00,0.00,0.00,-203.40,-0.14,1.00,-15234,1008.29,-5.19,84.99,-7.22,-9.89,-0.07,0.86,56.82,4.91,123.06, 0.02,-0.07, 0.02,
5449,2047.75,2047.75,0.00,18.90,0.00,0,0.00,0.00,0.00,-203.40,-0.14,1.00,1,1008.23,-5.19,84.99,-7.22,-9.89,-0.07,0.86,56.82,4.91,123.06, 0.02,-0.07, 0.02,
5462,2047.75,2047.75,0.00,18.90,0.00,0,0.00,0.00,0.00,-203.40,-0.14,1.00,-15234,1008.23,-8.53,85.39,-10.46,-9.85,-0.12,0.78,57.09,4.91,123.06,  0.0,-0.07, 0.02,
5491,2047.75,2047.75,0.00,18.90,-0.50,0,0.00,0.00,0.00,-203.40,-0.14,1.00,1,1008.29,-8.53,85.39,-10.46,-9.85,-0.12,0.78,57.09,4.91,123.06,  0.0,-0.07, 0.02,
5525,2047.75,2047.75,0.00,18.90,-1.00,0,0.00,0.00,0.00,-203.40,-0.14,1.00,1,1008.35,-8.53,85.39,-10.38,-9.85,-0.12,0.78,57.00,4.73,123.06, 0.02,-0.07, 0.01,
5559,2047.75,2047.75,0.00,18.90,0.25,0,0.00,0.00,0.00,-203.40,0.14,1.00,1,1008.20,-12.80,84.86,-14.47,-9.85,-0.20,0.86,57.00,4.73,123.06, 0.02,-0.07, 0.01,
5573,2047.75,2047.75,0.00,18.90,0.25,0,0.00,0.00,0.00,-203.40,-0.14,1.00,-15234,1008.20,-11.31,85.35,-13.15,-9.85,-0.16,0.78,56.82,4.91,122.96, 0.02,-0.07, 0.02,
5601,2047.75,2047.75,0.00,19.00,-0.75,0,0.00,0.00,0.00,-203.40,-0.14,1.00,1,1008.32,-11.31,85.35,-13.15,-9.85,-0.16,0.78,56.82,4.91,122.96, 0.02,-0.07, 0.02,
5623,2047.75,2047.75,0.00,19.00,-0.75,0,0.00,0.00,0.00,-203.40,-0.14,1.00,-15234,1008.32,-8.97,85.65,-10.91,-9.92,-0.12,0.75,56.82,4.91,122.96, 0.02,-0.07, 0.01,
5659,2047.75,2047.75,0.00,19.00,-0.25,0,0.00,0.00,0.00,-203.40,-0.14,1.00,1,1008.26,-8.97,85.65,-10.91,-9.92,-0.12,0.75,56.82,4.91,122.96, 0.02,-0.07, 0.01,
5693,2047.75,2047.75,0.00,19.00,0.25,0,0.00,0.00,0.00,-203.40,-0.14,1.00,1,1008.20,-11.31,85.34,-13.11,-9.81,-0.16,0.78,57.09,4.82,122.86, 0.02,-0.07, 0.02,
5728,2047.75,2047.75,0.00,18.90,-0.75,0,0.00,0.00,0.00,-203.40,-0.14,1.00,1,1008.32,-8.53,85.41,-10.43,-9.89,-0.12,0.78,56.91,4.82,122.86, 0.02,-0.07, 0.02,
5761,2047.75,2047.75,0.00,19.00,0.00,0,0.00,0.00,0.00,-203.40,-0.14,1.00,1,1008.23,-10.30,84.91,-12.10,-9.85,-0.16,0.86,56.91,4.82,122.86, 0.02,-0.07, 0.01,
5775,2047.75,2047.75,0.00,19.00,0.00,0,0.00,0.00,0.00,-203.40,0.14,1.00,-15234,1008.23,-5.44,85.20,-7.46,-9.85,-0.07,0.82,56.91,4.91,123.06, 0.02,-0.06, 0.02,
5804,2047.75,2047.75,0.00,19.00,-0.25,0,0.00,0.00,0.00,-203.40,0.14,1.00,1,1008.26,-5.44,85.20,-7.46,-9.85,-0.07,0.82,56.91,4.91,123.06, 0.02,-0.06, 0.02,
5838,2047.75,2047.75,0.00,19.00,0.25,0,0.00,0.00,0.00,-203.40,0.14,1.00,1,1008.20,-11.31,85.34,-13.15,-9.81,-0.16,0.78,56.91,4.91,123.06, 0.02, -0.0,  0.0,
5872,2047.75,2047.75,0.00,19.00,-0.50,0,0.00,0.00,0.00,-203.40,0.14,1.00,1,1008.29,-14.74,85.51,-16.45,-9.81,-0.20,0.75,56.82,4.82,122.96, 0.02, -0.0, 0.01,
5886,2047.75,2047.75,0.00,19.00,-0.50,0,0.00,0.00,0.00,-203.40,-0.14,1.00,-15234,1008.29,-11.31,85.37,-13.11,-9.89,-0.16,0.78,56.82,4.82,122.96, 0.02, -0.0, 0.01,
5914,2047.75,2047.75,0.00,19.00,0.00,0,0.00,0.00,0.00,-203.40,-0.14,1.00,1,1008.23,-11.31,85.37,-13.11,-9.89,-0.16,0.78,56.82,4.82,122.96, 0.02, -0.0, 0.01,
5948,2047.75,2047.75,0.00,19.00,0.00,0,0.00,0.00,0.00,-203.40,-0.14,1.00,1,1008.23,-10.78,85.15,-12.58,-9.89,-0.16,0.82,57.00,4.82,123.16, 0.02,-0.07, 0.01,
5981,2047.75,2047.75,0.00,19.00,-0.75,0,0.00,0.00,0.00,-203.40,-0.14,0.71,1,1008.32,-8.13,85.21,-0.00,-9.92,-0.12,0.82,0.00,0.00,0.00, 0.02, -0.0, 0.02,
5995,2047.75,2047.75,0.00,19.00,-0.75,0,0.00,0.00,0.00,-203.40,-0.14,1.00,-15234,1008.32,-8.13,85.19,-9.98,-9.89,-0.12,0.82,57.18,4.73,122.76, 0.02,-0.07, 0.01,
6023,2047.75,2047.75,0.00,19.00,-0.50,0,0.00,0.00,0.00,-203.40,-0.14,1.00,1,1008.29,-8.13,85.19,-9.98,-9.89,-0.12,0.82,57.18,4.73,122.76, 0.02,-0.07, 0.01,
6057,2047.75,2047.75,0.00,19.00,-0.25,0,0.00,0.00,0.00,-203.40,-0.14,0.71,1,1008.26,-10.30,84.87,-12.10,-9.77,-0.16,0.86,57.09,4.82,122.65, 0.02,-0.07,  0.0,
6092,2047.75,2047.75,0.00,19.00,0.50,0,0.00,0.00,0.00,-203.40,-0.14,1.00,1,1008.17,-8.53,85.43,-10.43,-9.92,-0.12,0.78,57.09,4.82,122.65, 0.02,-0.07, 0.02,
6125,2047.75,2047.75,0.00,19.00,-0.25,0,0.00,0.00,0.00,-203.40,-0.14,1.00,1,1008.26,-5.19,84.97,-7.30,-9.85,-0.07,0.86,56.91,5.09,122.76, 0.02,-0.07, 0.01,
6139,2047.75,2047.75,0.00,19.00,-0.25,0,0.00,0.00,0.00,-203.40,-0.14,1.00,-15234,1008.26,-11.89,85.56,-13.81,-9.81,-0.16,0.75,56.91,5.09,122.76, 0.02,-0.06, 0.02,
6168,2047.75,2047.75,0.00,19.00,-0.75,0,0.00,0.00,0.00,-203.40,-0.14,1.00,1,1008.32,-11.89,85.56,-13.81,-9.81,-0.16,0.75,56.91,5.09,122.76, 0.02,-0.06, 0.02,
6202,2047.75,2047.75,0.00,19.00,-0.25,0,0.00,0.00,0.00,-203.40,0.14,1.00,1,1008.26,-10.30,84.95,-12.10,-9.92,-0.16,0.86,57.18,4.82,122.96, 0.02,-0.06, 0.01,
6235,2047.75,2047.75,0.00,19.00,0.25,0,0.00,0.00,0.00,-203.40,-0.14,0.71,1,1008.20,-13.39,85.06,-15.09,-9.81,-0.20,0.82,57.18,4.82,122.96, 0.02,-0.07, 0.02,
6250,2047.75,2047.75,0.00,19.00,0.25,0,0.00,0.00,0.00,-203.40,-0.14,1.00,-15234,1008.20,-8.13,85.15,-10.10,-9.81,-0.12,0.82,56.91,5.00,123.06, 0.02,-0.07, 0.01,
6278,2047.75,2047.75,0.00,19.00,-0.25,0,0.00,0.00,0.00,-203.40,-0.14,1.00,1,1008.26,-8.13,85.15,-10.10,-9.81,-0.12,0.82,56.91,5.00,123.06, 0.02,-0.07, 0.01,
6312,2047.75,2047.75,0.00,19.00,0.00,0,0.00,0.00,0.00,-203.40,-0.14,1.00,1,1008.23,-11.31,85.35,-13.19,-9.85,-0.16,0.78,56.91,5.00,123.06, 0.02,-0.07,  0.0,
6325,2047.75,2047.75,0.00,19.00,0.00,0,0.00,0.00,0.00,-203.40,-0.14,1.00,-15234,1008.23,-8.13,85.17,-10.02,-9.85,-0.12,0.82,57.09,4.82,122.86, 0.02,-0.07, 0.01,
6354,2047.75,2047.75,0.00,19.00,-0.25,0,0.00,0.00,0.00,-203.40,-0.14,1.00,1,1008.26,-8.13,85.17,-10.02,-9.85,-0.12,0.82,57.09,4.82,122.86, 0.02,-0.07, 0.01,
6388,2047.75,2047.75,0.00,19.00,-0.25,0,0.00,0.00,0.00,-203.40,-0.14,0.71,1,1008.26,-11.31,85.39,-13.15,-9.92,-0.16,0.78,56.82,4.91,123.16, 0.02, -0.0, 0.02,
6422,2047.75,2047.75,0.00,19.00,-1.67,0,0.00,0.00,0.00,-203.40,-0.14,1.00,1,1008.43,-11.31,85.35,-13.15,-9.85,-0.16,0.78,56.82,4.91,123.16, 0.02, -0.0, 0.01,
6456,2047.75,2047.75,0.00,19.00,-0.75,0,0.00,0.00,0.00,-203.40,-0.14,1.00,1,1008.32,-5.44,85.20,-7.42,-9.85,-0.07,0.82,57.00,4.82,123.16, 0.02,-0.07, 0.01,
6470,2047.75,2047.75,0.00,19.00,-0.75,0,0.00,0.00,0.00,-203.40,-0.14,1.00,-15234,1008.32,-10.78,85.15,-12.58,-9.89,-0.16,0.82,57.00,4.82,123.16, 0.02,-0.06, 0.01,
6498,2047.75,2047.75,0.00,19.00,-0.75,0,0.00,0.00,0.00,-203.40,-0.14,1.00,1,1008.32,-10.78,85.15,-12.58,-9.89,-0.16,0.82,57.00,4.82,123.16, 0.02,-0.06, 0.01,
6533,2047.75,2047.75,0.00,19.00,-1.00,0,0.00,0.00,0.00,-203.40,-0.14,1.00,1,1008.35,-8.53,85.36,-10.46,-9.77,-0.12,0.78,57.09,4.91,122.86, 0.02,-0.07, 0.02,
6566,2047.75,2047.75,0.00,19.00,0.00,0,0.00,0.00,0.00,-203.40,0.14,0.71,1,1008.23,-5.19,84.97,-7.22,-9.85,-0.07,0.86,57.09,4.91,122.86, 0.02,-0.07,  0.0,
6580,2047.75,2047.75,0.00,19.00,0.00,0,0.00,0.00,0.00,-203.40,0.14,1.00,-15234,1008.23,-7.77,84.96,-9.58,-9.89,-0.12,0.86,56.91,4.64,122.65, 0.02,-0.07,  0.0,
6609,2047.75,2047.75,0.00,19.00,0.00,0,0.00,0.00,0.00,-203.40,0.14,1.00,1,1008.23,-7.77,84.96,-9.58,-9.89,-0.12,0.86,56.91,4.64,122.65, 0.02,-0.07,  0.0,
6622,2047.75,2047.75,0.00,19.00,0.00,0,0.00,0.00,0.00,-203.40,0.14,0.71,-15234,1008.23,-10.30,84.93,-12.03,-9.89,-0.16,0.86,56.91,4.64,122.65, 0.02,-0.07,  0.0,
6651,2047.75,2047.75,0.00,19.00,-1.00,0,0.00,0.00,0.00,-203.40,0.14,0.71,1,1008.35,-10.30,84.93,-12.03,-9.89,-0.16,0.86,56.91,4.64,122.65, 0.02,-0.07,  0.0,
6665,2047.75,2047.75,0.00,19.00,-1.00,0,0.00,0.00,0.00,-203.40,-0.14,1.00,-15234,1008.35,-12.80,84.84,-14.47,-9.81,-0.20,0.86,56.91,4.73,123.06, 0.02,-0.07, 0.01,
6694,2047.75,2047.75,0.00,19.00,0.00,0,0.00,0.00,0.00,-203.40,-0.14,1.00,1,1008.23,-12.80,84.84,-14.47,-9.81,-0.20,0.86,56.91,4.73,123.06, 0.02,-0.07, 0.01,
6728,2047.75,2047.75,0.00,19.00,-1.17,0,0.00,0.00,0.00,-203.40,-0.14,1.00,1,1008.37,-11.31,85.37,-13.15,-9.89,-0.16,0.78,57.09,4.91,122.76,  0.0,-0.07, 0.01,
6762,2047.75,2047.75,0.00,19.00,-0.75,0,0.00,0.00,0.00,-203.40,-0.14,1.00,1,1008.32,-10.78,85.15,-12.63,-9.89,-0.16,0.82,57.09,4.91,122.76, 0.02,-0.07, 0.01,
6797,2047.75,2047.75,0.00,19.00,-0.25,0,0.00,0.00,0.00,-203.40,-0.14,1.00,1,1008.26,-10.30,84.93,-12.14,-9.89,-0.16,0.86,56.91,4.91,123.16, 0.02,-0.06,  0.0,
6831,2047.75,2047.75,0.00,19.00,-1.00,0,0.00,0.00,0.00,-203.40,0.14,1.00,1,1008.35,-13.39,85.10,-15.14,-9.89,-0.20,0.82,56.91,4.91,123.16, 0.02,-0.06, 0.02,
6865,2047.75,2047.75,0.00,19.00,-1.00,0,0.00,0.00,0.00,-203.40,-0.14,0.71,1,1008.35,-11.31,85.39,-13.11,-9.92,-0.16,0.78,57.09,4.82,122.86, 0.02, -0.0,  0.0,
6888,2047.75,2047.75,0.00,19.00,-1.00,0,0.00,0.00,0.00,-203.40,-0.14,1.00,-15234,1008.35,-7.77,85.00,-9.66,-9.96,-0.12,0.86,57.09,4.82,122.86, 0.02,-0.07, 0.01,
6917,2047.75,2047.75,0.00,19.00,-1.00,0,0.00,0.00,0.00,-203.40,-0.14,1.00,1,1008.35,-7.77,85.00,-9.66,-9.96,-0.12,0.86,57.09,4.82,122.86, 0.02,-0.07, 0.01,
6930,2047.75,2047.75,0.00,19.00,-1.00,0,0.00,0.00,0.00,-203.40,-0.14,1.00,-15234,1008.35,-10.30,84.95,-12.18,-9.92,-0.16,0.86,57.18,5.00,123.06, 0.02,-0.07, 0.01,
6962,2047.75,2047.75,0.00,19.00,-0.50,0,0.00,0.00,0.00,-203.40,-0.14,1.00,1,1008.29,-10.30,84.95,-12.18,-9.92,-0.16,0.86,57.18,5.00,123.06, 0.02,-0.07, 0.01,
6976,2047.75,2047.75,0.00,19.00,-0.50,0,0.00,0.00,0.00,-203.40,-0.14,1.00,-15234,1008.29,-11.31,85.35,-13.06,-9.85,-0.16,0.78,57.09,4.73,123.47, 0.02,-0.07,  0.0,
7005,2047.75,2047.75,0.00,19.00,0.50,0,0.00,0.00,0.00,-203.40,-0.14,1.00,1,1008.17,-11.31,85.35,-13.06,-9.85,-0.16,0.78,57.09,4.73,123.47, 0.02,-0.07,  0.0,
7021,2047.75,2047.75,0.00,19.00,0.50,0,0.00,0.00,0.00,-203.40,-0.14,1.00,-15234,1008.17,-11.31,85.35,-13.06,-9.85,-0.16,0.78,57.09,4.73,123.47, 0.02,-0.06,  0.0,
7050,2047.75,2047.75,0.00,19.00,-0.25,0,0.00,0.00,0.00,-203.40,-0.14,1.00,1,1008.26,-11.31,85.35,-13.06,-9.85,-0.16,0.78,57.09,4.73,123.47, 0.02,-0.06,  0.0,
7064,2047.75,2047.75,0.00,19.00,-0.25,0,0.00,0.00,0.00,-203.40,-0.14,0.71,-15234,1008.26,-10.30,84.95,-12.10,-9.92,-0.16,0.86,57.09,4.82,122.96, 0.02,-0.07, 0.01,
7095,2047.75,2047.75,0.00,19.00,0.00,0,0.00,0.00,0.00,-203.40,-0.14,0.71,1,1008.23,-10.30,84.95,-12.10,-9.92,-0.16,0.86,57.09,4.82,122.96, 0.02,-0.07, 0.01,
7109,2047.75,2047.75,0.00,19.00,0.00,0,0.00,0.00,0.00,-203.40,-0.14,1.00,-15234,1008.23,-8.13,85.15,-10.02,-9.81,-0.12,0.82,57.18,4.82,122.96, 0.02,-0.07, 0.01,
7138,2047.75,2047.75,0.00,19.00,-0.25,0,0.00,0.00,0.00,-203.40,-0.14,1.00,1,1008.26,-8.13,85.15,-10.02,-9.81,-0.12,0.82,57.18,4.82,122.96, 0.02,-0.07, 0.01,
7152,2047.75,2047.75,0.00,19.00,-0.25,0,0.00,0.00,0.00,-203.40,-0.14,1.00,-15234,1008.26,-10.30,84.93,-12.10,-9.89,-0.16,0.86,57.18,4.82,122.96, 0.02,-0.07, 0.01,
7183,2047.75,2047.75,0.00,19.00,0.00,0,0.00,0.00,0.00,-203.40,-0.14,1.00,1,1008.23,-10.30,84.93,-12.10,-9.89,-0.16,0.86,57.18,4.82,122.96, 0.02,-0.07, 0.01,
7197,2047.75,2047.75,0.00,19.00,0.00,0,0.00,0.00,0.00,-203.40,-0.14,1.00,-15234,1008.23,-5.44,85.18,-7.42,-9.81,-0.07,0.82,57.00,4.82,122.96, 0.02,-0.07, 0.01,
7225,2047.75,2047.75,0.00,19.00,-0.50,0,0.00,0.00,0.00,-203.40,-0.14,1.00,1,1008.29,-5.44,85.18,-7.42,-9.81,-0.07,0.82,57.00,4.82,122.96, 0.02,-0.07, 0.01,
7242,2047.75,2047.75,0.00,19.00,-0.50,0,0.00,0.00,0.00,-203.40,-0.14,1.00,-15234,1008.29,-11.31,85.37,-13.19,-9.89,-0.16,0.78,56.64,5.00,122.96, 0.02,-0.07, 0.01,
7271,2047.75,2047.75,0.00,19.00,-0.50,0,0.00,0.00,0.00,-203.40,-0.14,1.00,1,1008.29,-11.31,85.37,-13.19,-9.89,-0.16,0.78,56.64,5.00,122.96, 0.02,-0.07, 0.01,
7305,2047.75,2047.75,0.00,19.00,-0.25,0,0.00,0.00,0.00,-203.40,-0.14,1.00,1,1008.26,-8.13,85.19,-10.11,-9.89,-0.12,0.82,56.64,5.00,122.96, 0.02,-0.07, 0.01,
7342,2047.75,2047.75,0.00,19.00,-0.25,0,0.00,0.00,0.00,-203.40,0.14,1.00,1,1008.26,-8.13,85.17,-9.98,-9.85,-0.12,0.82,57.09,4.73,123.06, 0.02,-0.07, 0.01,
7376,2047.75,2047.75,0.00,19.00,-0.25,0,0.00,0.00,0.00,-203.40,-0.14,1.00,1,1008.26,-10.78,85.13,-12.54,-9.85,-0.16,0.82,57.09,4.73,123.06, 0.02,-0.06, 0.01,
7390,2047.75,2047.75,0.00,19.00,-0.25,0,0.00,0.00,0.00,-203.40,-0.14,1.00,-15234,1008.26,-13.39,85.06,-15.10,-9.81,-0.20,0.82,56.91,4.82,122.96, 0.02,-0.06, 0.01,
7421,2047.75,2047.75,0.00,19.00,0.25,0,0.00,0.00,0.00,-203.40,-0.14,1.00,1,1008.20,-13.39,85.06,-15.10,-9.81,-0.20,0.82,56.91,4.82,122.96, 0.02,-0.06, 0.01,
7455,2047.75,2047.75,0.00,19.00,-0.25,0,0.00,0.00,0.00,-203.40,-0.14,1.00,1,1008.26,-10.78,85.11,-12.66,-9.81,-0.16,0.82,57.00,5.00,123.16, 0.02,-0.07,  0.0,
7490,2047.75,2047.75,0.00,19.00,0.00,0,0.00,0.00,0.00,-203.40,-0.14,1.00,1,1008.23,-20.85,84.90,-22.36,-9.89,-0.31,0.82,57.00,5.00,123.16, 0.02,-0.07, 0.01,
7506,2047.75,2047.75,0.00,19.00,0.00,0,0.00,0.00,0.00,-203.40,-0.14,1.00,-15234,1008.23,-8.13,85.21,-10.02,-9.92,-0.12,0.82,57.09,4.82,122.96, 0.02,-0.06,  0.0,
7535,2047.75,2047.75,0.00,19.00,-0.25,0,0.00,0.00,0.00,-203.40,-0.14,1.00,1,1008.26,-8.13,85.21,-10.02,-9.92,-0.12,0.82,57.09,4.82,122.96, 0.02,-0.06,  0.0,
7574,2047.75,2047.75,0.00,19.00,0.25,0,0.00,0.00,0.00,-203.40,0.14,1.00,1,1008.20,-8.13,85.17,-10.02,-9.85,-0.12,0.82,57.09,4.82,122.96, 0.02, -0.0, 0.01,
7588,2047.75,2047.75,0.00,19.00,0.25,0,0.00,0.00,0.00,-203.40,-0.14,1.00,-15234,1008.20,-8.53,85.41,-10.50,-9.89,-0.12,0.78,57.00,5.00,123.16, 0.02,-0.07, 0.01,
7619,2047.75,2047.75,0.00,19.00,-1.00,0,0.00,0.00,0.00,-203.40,-0.14,1.00,1,1008.35,-8.53,85.41,-10.50,-9.89,-0.12,0.78,57.00,5.00,123.16, 0.02,-0.07, 0.01,
7633,2047.75,2047.75,0.00,19.00,-1.00,0,0.00,0.00,0.00,-203.40,-0.14,1.00,-15234,1008.35,-10.78,85.11,-12.63,-9.81,-0.16,0.82,56.91,4.91,122.65, 0.02,-0.07, 0.01,
7662,2047.75,2047.75,0.00,19.00,-0.75,0,0.00,0.00,0.00,-203.40,-0.14,1.00,1,1008.32,-10.78,85.11,-12.63,-9.81,-0.16,0.82,56.91,4.91,122.65, 0.02,-0.07, 0.01,
7678,2047.75,2047.75,0.00,19.00,-0.75,0,0.00,0.00,0.00,-203.40,-0.14,0.71,-15234,1008.32,-10.30,84.95,-12.15,-9.92,-0.16,0.86,56.91,4.91,122.65, 0.02,-0.07, 0.01,
7707,2047.75,2047.75,0.00,19.00,0.25,0,0.00,0.00,0.00,-203.40,-0.14,0.71,1,1008.20,-10.30,84.95,-12.15,-9.92,-0.16,0.86,56.91,4.91,122.65, 0.02,-0.07, 0.01,
7721,2047.75,2047.75,0.00,19.00,0.25,0,0.00,0.00,0.00,-203.40,-0.14,1.00,-15234,1008.20,-13.39,85.05,-15.13,-9.77,-0.20,0.82,57.18,4.91,122.96, 0.02,-0.07, 0.01,
7752,2047.75,2047.75,0.00,19.00,-0.25,0,0.00,0.00,0.00,-203.40,-0.14,1.00,1,1008.26,-13.39,85.05,-15.13,-9.77,-0.20,0.82,57.18,4.91,122.96, 0.02,-0.07, 0.01,
7766,2047.75,2047.75,0.00,19.00,-0.25,0,0.00,0.00,0.00,-203.40,-0.14,1.00,-15234,1008.26,-7.77,84.92,-9.73,-9.81,-0.12,0.86,56.91,5.00,123.16, 0.02,-0.07, 0.01,
7794,2047.75,2047.75,0.00,19.00,0.00,0,0.00,0.00,0.00,-203.40,-0.14,1.00,1,1008.23,-7.77,84.92,-9.73,-9.81,-0.12,0.86,56.91,5.00,123.16, 0.02,-0.07, 0.01,
7810,2047.75,2047.75,0.00,19.00,0.00,0,0.00,0.00,0.00,-203.40,-0.14,1.00,-15234,1008.23,-8.13,85.17,-10.10,-9.85,-0.12,0.82,56.91,5.00,123.16, 0.02,-0.07, 0.01,
7839,2047.75,2047.75,0.00,19.00,-0.25,0,0.00,0.00,0.00,-203.40,-0.14,1.00,1,1008.26,-8.13,85.17,-10.10,-9.85,-0.12,0.82,56.91,5.00,123.16, 0.02,-0.07, 0.01,
7874,2047.75,2047.75,0.00,19.00,0.00,0,0.00,0.00,0.00,-203.40,-0.14,1.00,1,1008.23,-8.53,85.39,-10.38,-9.85,-0.12,0.78,57.09,4.73,123.06, 0.02,-0.07, 0.01,
7890,2047.75,2047.75,0.00,19.00,0.00,0,0.00,0.00,0.00,-203.40,-0.14,1.00,-15234,1008.23,-10.78,85.13,-12.54,-9.85,-0.16,0.82,57.09,4.73,123.06, 0.02,-0.07, 0.01,
7919,2047.75,2047.75,0.00,19.00,-0.25,0,0.00,0.00,0.00,-203.40,-0.14,1.00,1,1008.26,-10.78,85.13,-12.54,-9.85,-0.16,0.82,57.09,4.73,123.06, 0.02,-0.07, 0.01,
7953,2047.75,2047.75,0.00,19.00,-0.75,0,0.00,0.00,0.00,-203.40,-0.14,1.00,1,1008.32,-7.77,84.96,-9.78,-9.89,-0.12,0.86,57.00,5.09,122.96, 0.02,-0.07, 0.01,
7967,2047.75,2047.75,0.00,19.00,-0.75,0,0.00,0.00,0.00,-203.40,-0.14,1.00,-15234,1008.32,-10.30,84.93,-12.06,-9.89,-0.16,0.86,57.00,4.73,122.76, 0.02,-0.07, 0.01,
7998,2047.75,2047.75,0.00,19.00,-0.50,0,0.00,0.00,0.00,-203.40,-0.14,1.00,1,1008.29,-10.30,84.93,-12.06,-9.89,-0.16,0.86,57.00,4.73,122.76, 0.02,-0.07, 0.01,
8012,2047.75,2047.75,0.00,19.00,-0.50,0,0.00,0.00,0.00,-203.40,-0.14,1.00,-15234,1008.29,-14.04,85.30,-15.70,-9.85,-0.20,0.78,57.00,4.73,122.76, 0.02,-0.07, 0.02,
8041,2047.75,2047.75,0.00,19.00,0.50,0,0.00,0.00,0.00,-203.40,-0.14,1.00,1,1008.17,-14.04,85.30,-15.70,-9.85,-0.20,0.78,57.00,4.73,122.76, 0.02,-0.07, 0.02,
8057,2047.75,2047.75,0.00,19.00,0.50,0,0.00,0.00,0.00,-203.40,-0.14,1.00,-15234,1008.17,-8.13,85.13,-10.10,-9.77,-0.12,0.82,57.18,5.00,122.86,  0.0,-0.07,  0.0,
8086,2047.75,2047.75,0.00,19.00,0.50,0,0.00,0.00,0.00,-203.40,-0.14,1.00,1,1008.17,-8.13,85.13,-10.10,-9.77,-0.12,0.82,57.18,5.00,122.86,  0.0,-0.07,  0.0,
8120,2047.75,2047.75,0.00,19.00,-0.50,0,0.00,0.00,0.00,-203.40,-0.14,1.00,1,1008.29,-8.53,85.39,-10.41,-9.85,-0.12,0.78,56.91,4.82,123.78, 0.02, -0.0,  0.0,
8157,2047.75,2047.75,0.00,19.00,-0.50,0,0.00,0.00,0.00,-203.40,-0.14,1.00,1,1008.29,-10.30,84.89,-12.09,-9.81,-0.16,0.86,56.91,4.82,123.78, 0.02,-0.06,  0.0,
8191,2047.75,2047.75,0.00,19.00,0.00,0,0.00,0.00,0.00,-203.40,-0.14,0.71,1,1008.23,-5.44,85.20,-7.59,-9.85,-0.07,0.82,57.09,5.18,122.96, 0.02,-0.07, 0.01,
8205,2047.75,2047.75,0.00,19.00,0.00,0,0.00,0.00,0.00,-203.40,-0.14,1.00,-15234,1008.23,-8.53,85.41,-10.59,-9.89,-0.12,0.78,57.09,5.18,122.96, 0.02,-0.07, 0.01,
8236,2047.75,2047.75,0.00,19.00,-0.25,0,0.00,0.00,0.00,-203.40,-0.14,1.00,1,1008.26,-8.53,85.41,-10.59,-9.89,-0.12,0.78,57.09,5.18,122.96, 0.02,-0.07, 0.01,
8250,2047.75,2047.75,0.00,19.00,-0.25,0,0.00,0.00,0.00,-203.40,-0.14,0.71,-15234,1008.26,-11.31,85.35,-13.07,-9.85,-0.16,0.78,56.82,4.73,122.86, 0.02, -0.0,  0.0,
8278,2047.75,2047.75,0.00,19.00,0.75,0,0.00,0.00,0.00,-203.40,-0.14,0.71,1,1008.14,-11.31,85.35,-13.07,-9.85,-0.16,0.78,56.82,4.73,122.86, 0.02, -0.0,  0.0,
8316,2047.75,2047.75,0.00,19.00,-0.50,0,0.00,0.00,0.00,-203.40,-0.14,0.71,1,1008.29,-5.71,85.42,-7.65,-9.85,-0.07,0.78,56.91,4.73,123.16, 0.02,-0.07, 0.01,
8330,2047.75,2047.75,0.00,19.00,-0.50,0,0.00,0.00,0.00,-203.40,-0.14,1.00,-15234,1008.29,-8.13,85.17,-9.98,-9.85,-0.12,0.82,56.91,4.73,123.16, 0.02,-0.07, 0.01,
8359,2047.75,2047.75,0.00,19.00,-0.50,0,0.00,0.00,0.00,-203.40,-0.14,1.00,1,1008.29,-8.13,85.17,-9.98,-9.85,-0.12,0.82,56.91,4.73,123.16, 0.02,-0.07, 0.01,
8393,2047.75,2047.75,0.00,19.00,-0.25,0,0.00,0.00,0.00,-203.40,0.14,1.00,1,1008.26,-11.31,85.32,-13.06,-9.77,-0.16,0.78,56.91,4.73,123.16, 0.02,-0.06, 0.02,
8430,2047.75,2047.75,0.00,19.00,0.50,0,0.00,0.00,0.00,-203.40,-0.14,1.00,1,1008.17,-9.87,84.71,-11.62,-9.89,-0.16,0.90,56.91,4.73,123.16, 0.02,-0.06,  0.0,
8464,2047.75,2047.75,0.00,19.00,0.75,0,0.00,0.00,0.00,-203.40,-0.14,1.00,1,1008.14,-10.30,84.93,-12.07,-9.89,-0.16,0.86,56.73,4.73,122.76,  0.0,-0.07, 0.01,
8478,2047.75,2047.75,0.00,19.00,0.75,0,0.00,0.00,0.00,-203.40,-0.14,1.00,-15234,1008.14,-12.26,84.64,-13.93,-9.85,-0.20,0.90,56.73,4.73,122.76, 0.02,-0.07,  0.0,
8516,2047.75,2047.75,0.00,19.00,0.00,0,0.00,0.00,0.00,-203.40,-0.14,1.00,1,1008.23,-12.26,84.64,-13.93,-9.85,-0.20,0.90,56.73,4.73,122.76, 0.02,-0.07,  0.0,
8557,2047.75,2047.75,0.00,19.00,-0.25,0,0.00,0.00,0.00,-203.40,-0.14,1.00,1,1008.26,-5.19,84.97,-7.29,-9.85,-0.07,0.86,56.91,5.09,123.27, 0.02,-0.07, 0.01,
8592,2047.75,2047.75,0.00,19.00,0.50,0,0.00,0.00,0.00,-203.40,-0.14,1.00,1,1008.17,-10.30,84.91,-12.14,-9.85,-0.16,0.86,57.00,4.91,123.06, 0.02,-0.07, 0.01,
8608,2047.75,2047.75,0.00,19.00,0.50,0,0.00,0.00,0.00,-203.40,-0.14,1.00,-15234,1008.17,-10.30,84.93,-12.14,-9.89,-0.16,0.86,57.00,4.91,123.06, 0.02,-0.07, 0.01,
8637,2047.75,2047.75,0.00,19.00,-0.25,0,0.00,0.00,0.00,-203.40,-0.14,1.00,1,1008.26,-10.30,84.93,-12.14,-9.89,-0.16,0.86,57.00,4.91,123.06, 0.02,-0.07, 0.01,
8671,2047.75,2047.75,0.00,19.00,0.67,0,0.00,0.00,0.00,-203.40,-0.14,1.00,1,1008.15,-8.13,85.17,-10.14,-9.85,-0.12,0.82,57.09,5.09,123.06, 0.02, -0.0,  0.0,
8687,2047.75,2047.75,0.00,19.00,0.67,0,0.00,0.00,0.00,-203.40,-0.14,1.00,-15234,1008.15,-7.13,84.50,-9.13,-9.85,-0.12,0.94,57.09,5.09,123.06, 0.02,-0.06, 0.02,
8716,2047.75,2047.75,0.00,19.00,0.00,0,0.00,0.00,0.00,-203.40,-0.14,1.00,1,1008.23,-7.13,84.50,-9.13,-9.85,-0.12,0.94,57.09,5.09,123.06, 0.02,-0.06, 0.02,
8750,2047.75,2047.75,0.00,19.00,-0.50,0,0.00,0.00,0.00,-203.40,-0.14,1.00,1,1008.29,-12.80,84.88,-14.51,-9.89,-0.20,0.86,57.18,4.82,122.86, 0.02,-0.07, 0.01,
8764,2047.75,2047.75,0.00,19.00,-0.50,0,0.00,0.00,0.00,-203.40,-0.14,1.00,-15234,1008.29,-7.43,84.74,-9.28,-9.89,-0.12,0.90,57.00,4.73,123.16, 0.02,-0.06, 0.01,
8795,2047.75,2047.75,0.00,19.00,0.50,0,0.00,0.00,0.00,-203.40,-0.14,1.00,1,1008.17,-7.43,84.74,-9.28,-9.89,-0.12,0.90,57.00,4.73,123.16, 0.02,-0.06, 0.01,
8829,2047.75,2047.75,0.00,19.00,0.25,0,0.00,0.00,0.00,-203.40,-0.14,1.00,1,1008.20,-8.53,85.39,-10.38,-9.85,-0.12,0.78,57.00,4.73,123.16, 0.02,-0.07, 0.02,
8843,2047.75,2047.75,0.00,19.00,0.25,0,0.00,0.00,0.00,-203.40,0.14,1.00,-15234,1008.20,-8.53,85.39,-10.51,-9.85,-0.12,0.78,56.82,5.00,122.76, 0.02,-0.07, 0.01,
8874,2047.75,2047.75,0.00,19.00,-0.25,0,0.00,0.00,0.00,-203.40,0.14,1.00,1,1008.26,-8.53,85.39,-10.51,-9.85,-0.12,0.78,56.82,5.00,122.76, 0.02,-0.07, 0.01,
8908,2047.75,2047.75,0.00,19.00,-0.25,0,0.00,0.00,0.00,-203.40,-0.14,1.00,1,1008.26,-7.77,84.94,-9.74,-9.85,-0.12,0.86,56.82,5.00,122.76, 0.02,-0.07, 0.01,
8922,2047.75,2047.75,0.00,19.00,-0.25,0,0.00,0.00,0.00,-203.40,0.14,1.00,-15234,1008.26,-11.31,85.34,-13.19,-9.81,-0.16,0.78,56.91,5.00,123.06, 0.02,-0.07, 0.01,
8953,2047.75,2047.75,0.00,19.00,-0.50,0,0.00,0.00,0.00,-203.40,0.14,1.00,1,1008.29,-11.31,85.34,-13.19,-9.81,-0.16,0.78,56.91,5.00,123.06, 0.02,-0.07, 0.01,
8987,2047.75,2047.75,0.00,19.00,-1.00,0,0.00,0.00,0.00,-203.40,-0.14,1.00,1,1008.35,-13.24,86.05,-15.08,-9.92,-0.16,0.67,57.00,4.91,123.06, 0.02,-0.06, 0.01,
9001,2047.75,2047.75,0.00,19.00,-1.00,0,0.00,0.00,0.00,-203.40,-0.14,1.00,-15234,1008.35,-5.44,85.20,-7.46,-9.85,-0.07,0.82,57.00,4.91,123.06, 0.02,-0.07, 0.01,
9032,2047.75,2047.75,0.00,19.00,-0.50,0,0.00,0.00,0.00,-203.40,-0.14,1.00,1,1008.29,-5.44,85.20,-7.46,-9.85,-0.07,0.82,57.00,4.91,123.06, 0.02,-0.07, 0.01,
9066,2047.75,2047.75,0.00,19.00,-0.50,0,0.00,0.00,0.00,-203.40,0.14,1.00,1,1008.29,-7.43,84.74,-9.32,-9.89,-0.12,0.90,57.09,4.82,122.96, 0.02,-0.06, 0.01,
9080,2047.75,2047.75,0.00,19.00,-0.50,0,0.00,0.00,0.00,-203.40,-0.14,1.00,-15234,1008.29,-10.78,85.17,-12.58,-9.92,-0.16,0.82,57.09,4.82,122.96, 0.02,-0.07, 0.01,
9111,2047.75,2047.75,0.00,19.00,0.25,0,0.00,0.00,0.00,-203.40,-0.14,1.00,1,1008.20,-10.78,85.17,-12.58,-9.92,-0.16,0.82,57.09,4.82,122.96, 0.02,-0.07, 0.01,
9145,2047.75,2047.75,0.00,19.00,-0.25,0,0.00,0.00,0.00,-203.40,-0.14,1.00,1,1008.26,-10.78,85.11,-12.62,-9.81,-0.16,0.82,57.09,4.91,122.76, 0.02,-0.07,  0.0,
9159,2047.75,2047.75,0.00,19.00,-0.25,0,0.00,0.00,0.00,-203.40,-0.14,1.00,-15234,1008.26,-10.30,84.91,-12.43,-9.85,-0.16,0.86,57.45,5.55,122.55, 0.02,-0.07, 0.01,
9187,2047.75,2047.75,0.00,19.00,0.00,0,0.00,0.00,0.00,-203.40,-0.14,1.00,1,1008.23,-10.30,84.91,-12.43,-9.85,-0.16,0.86,57.45,5.55,122.55, 0.02,-0.07, 0.01,
9230,2047.75,2047.75,0.00,19.00,-0.25,0,0.00,0.00,0.00,-203.40,-0.14,1.00,1,1008.26,-10.78,85.13,-12.91,-9.85,-0.16,0.82,57.45,5.55,122.55, 0.02,-0.07, 0.01,
9265,2047.75,2047.75,0.00,19.00,0.50,0,0.00,0.00,0.00,-203.40,-0.14,1.00,1,1008.17,-10.30,84.93,-12.92,-9.89,-0.16,0.86,57.64,6.64,122.65, 0.02,-0.07, 0.01,
9300,2047.75,2047.75,0.00,19.00,0.00,0,0.00,0.00,0.00,-203.40,-0.14,1.00,1,1008.23,-5.71,85.42,-8.52,-9.85,-0.07,0.78,57.64,6.64,122.65, 0.02,-0.07, 0.01,
9337,2047.75,2047.75,0.00,19.00,0.00,0,0.00,0.00,0.00,-203.40,-0.14,1.00,1,1008.23,-8.13,85.21,-11.38,-9.92,-0.12,0.82,57.27,7.82,122.45,  0.0,-0.07, 0.01,
9372,2047.75,2047.75,0.00,19.00,-0.25,0,0.00,0.00,0.00,-203.40,-0.14,1.00,1,1008.26,-13.39,85.14,-16.46,-9.96,-0.20,0.82,57.27,7.82,122.45, 0.02,-0.07, 0.01,
9407,2047.75,2047.75,0.00,19.00,0.25,0,0.00,0.00,0.00,-203.40,-0.14,1.00,1,1008.20,-6.01,85.65,-9.60,-9.85,-0.07,0.75,57.18,8.36,122.55, 0.02,-0.07, 0.01,
9444,2047.75,2047.75,0.00,19.00,-0.50,0,0.00,0.00,0.00,-203.40,-0.14,0.71,1,1008.29,-8.13,85.15,-11.78,-9.81,-0.12,0.82,57.27,8.73,122.76, 0.02,-0.07, 0.01,
9479,2047.75,2047.75,0.00,19.00,0.25,0,0.00,0.00,0.00,-203.40,-0.14,1.00,1,1008.20,-11.31,85.34,-14.87,-9.81,-0.16,0.78,57.27,8.73,122.76, 0.02,-0.06, 0.01,
9493,2047.75,2047.75,0.00,19.00,0.25,0,0.00,0.00,0.00,-203.40,0.14,1.00,-15234,1008.20,-20.85,84.86,-24.06,-9.81,-0.31,0.82,57.18,8.82,123.27, 0.02,-0.07, 0.01,
9530,2047.75,2047.75,0.00,19.00,0.25,0,0.00,0.00,0.00,-203.40,0.14,1.00,1,1008.20,-20.85,84.86,-24.06,-9.81,-0.31,0.82,57.18,8.82,123.27, 0.02,-0.07, 0.01,
9544,2047.75,2047.75,0.00,19.00,0.25,0,0.00,0.00,0.00,-203.40,-0.14,1.00,-15234,1008.20,-11.31,85.39,-14.90,-9.92,-0.16,0.78,57.18,8.82,123.27, 0.02,-0.07, 0.01,
9574,2047.75,2047.75,0.00,19.00,0.00,0,0.00,0.00,0.00,-203.40,-0.14,1.00,1,1008.23,-11.31,85.39,-14.90,-9.92,-0.16,0.78,57.18,8.82,123.27, 0.02,-0.07, 0.01,
9588,2047.75,2047.75,0.00,19.00,0.00,0,0.00,0.00,0.00,-203.40,-0.14,1.00,-15234,1008.23,-7.43,84.74,-11.19,-9.89,-0.12,0.90,57.18,9.00,123.06, 0.02,-0.07, 0.01,
9620,2047.75,2047.75,0.00,19.00,0.25,0,0.00,0.00,0.00,-203.40,-0.14,1.00,1,1008.20,-7.43,84.74,-11.19,-9.89,-0.12,0.90,57.18,9.00,123.06, 0.02,-0.07, 0.01,
9634,2047.75,2047.75,0.00,19.00,0.25,0,0.00,0.00,0.00,-203.40,0.14,1.00,-15234,1008.20,-10.78,85.11,-14.45,-9.81,-0.16,0.82,57.00,9.00,123.06, 0.02,-0.07, 0.01,
9663,2047.75,2047.75,0.00,19.00,0.50,0,0.00,0.00,0.00,-203.40,0.14,1.00,1,1008.17,-10.78,85.11,-14.45,-9.81,-0.16,0.82,57.00,9.00,123.06, 0.02,-0.07, 0.01,
9680,2047.75,2047.75,0.00,19.00,0.50,0,0.00,0.00,0.00,-203.40,-0.14,1.00,-15234,1008.17,-7.77,84.96,-11.53,-9.89,-0.12,0.86,57.00,9.00,123.06, 0.02,-0.07,  0.0,
9709,2047.75,2047.75,0.00,19.00,-0.50,0,0.00,0.00,0.00,-203.40,-0.14,1.00,1,1008.29,-7.77,84.96,-11.53,-9.89,-0.12,0.86,57.00,9.00,123.06, 0.02,-0.07,  0.0,
9744,2047.75,2047.75,0.00,19.00,-0.50,0,0.00,0.00,0.00,-203.40,-0.14,1.00,1,1008.29,-9.46,84.46,-13.04,-9.85,-0.16,0.94,57.45,8.82,122.96, 0.02,-0.07,  0.0,
9781,2047.75,2047.75,0.00,19.00,0.00,0,0.00,0.00,0.00,-203.40,-0.14,1.00,1,1008.23,-7.43,84.78,-11.19,-9.96,-0.12,0.90,57.09,9.00,122.96, 0.02,-0.07,  0.0,
9816,2047.75,2047.75,0.00,19.00,0.00,0,0.00,0.00,0.00,-203.40,-0.14,1.00,1,1008.23,-13.39,85.12,-16.98,-9.92,-0.20,0.82,57.09,9.00,122.96, 0.02,-0.07, 0.01,
9851,2047.75,2047.75,0.00,19.00,0.25,0,0.00,0.00,0.00,-203.40,-0.14,1.00,1,1008.20,-8.43,83.89,-12.13,-10.00,-0.16,1.06,57.45,9.18,124.18, 0.02,-0.07, 0.01,
9888,2047.75,2047.75,0.00,19.00,-0.50,0,0.00,0.00,0.00,-203.40,-0.14,1.00,1,1008.29,-14.04,85.34,-17.67,-9.92,-0.20,0.78,57.45,9.18,124.18, 0.02,-0.07, 0.01,
9923,2047.75,2047.75,0.00,19.00,0.00,0,0.00,0.00,0.00,-203.40,-0.14,1.00,1,1008.23,-3.01,85.61,-7.12,-9.73,-0.03,0.75,57.00,9.36,123.37, 0.02,-0.07, 0.01,
9937,2047.75,2047.75,0.00,19.00,0.00,0,0.00,0.00,0.00,-203.40,-0.14,1.00,-15234,1008.23,-11.31,85.50,-15.15,-10.16,-0.16,0.78,57.00,9.36,123.37, 0.02,-0.06, 0.01,
9969,2047.75,2047.75,0.00,19.00,0.00,0,0.00,0.00,0.00,-203.40,-0.14,1.00,1,1008.23,-11.31,85.50,-15.15,-10.16,-0.16,0.78,57.00,9.36,123.37, 0.02,-0.06, 0.01,
9990,2047.75,2047.75,0.00,19.00,0.00,0,0.00,0.00,0.00,-203.40,-0.14,1.00,-15234,1008.23,-14.04,85.48,-18.04,-10.24,-0.20,0.78,57.09,9.91,123.37, 0.02,-0.06, 0.01,
10020,2047.75,2047.75,0.00,19.00,0.00,0,0.00,0.00,0.00,-203.40,-0.14,1.00,1,1008.23,-14.04,85.48,-18.04,-10.24,-0.20,0.78,57.09,9.91,123.37, 0.02,-0.06, 0.01,
10054,2047.75,2047.75,0.00,19.00,0.25,0,0.00,0.00,0.00,-203.40,-0.14,1.00,1,1008.20,-4.97,84.74,-9.26,-9.85,-0.07,0.90,57.27,10.00,123.06, 0.02,-0.07, 0.01,
10071,2047.75,2047.75,0.00,19.00,0.25,0,0.00,0.00,0.00,-203.40,-0.14,1.00,-15234,1008.20,-5.19,84.97,-9.49,-9.85,-0.07,0.86,57.27,10.00,123.06, 0.02,-0.07, 0.01,
10100,2047.75,2047.75,0.00,19.00,-0.25,0,0.00,0.00,0.00,-203.40,-0.14,1.00,1,1008.26,-5.19,84.97,-9.49,-9.85,-0.07,0.86,57.27,10.00,123.06, 0.02,-0.07, 0.01,
10135,2047.75,2047.75,0.00,19.00,0.00,0,0.00,0.00,0.00,-203.40,0.14,1.00,1,1008.23,-11.89,85.61,-15.97,-9.92,-0.16,0.75,56.73,9.91,123.37, 0.02,-0.06, 0.02,
10172,2047.75,2047.75,0.00,19.00,-0.50,0,0.00,0.00,0.00,-203.40,-0.14,1.00,1,1008.29,-10.30,84.95,-14.38,-9.92,-0.16,0.86,56.73,9.91,123.37, 0.02,-0.06,  0.0,
10207,2047.75,2047.75,0.00,19.00,0.00,0,0.00,0.00,0.00,-203.40,-0.14,1.00,1,1008.23,-14.04,85.32,-18.07,-9.89,-0.20,0.78,57.00,10.00,122.96, 0.02,-0.07, 0.01,
10242,2047.75,2047.75,0.00,19.00,-0.50,0,0.00,0.00,0.00,-203.40,0.14,1.00,1,1008.29,-14.04,85.34,-18.07,-9.92,-0.20,0.78,57.00,10.00,122.96, 0.02,-0.07,  0.0,
10279,2047.75,2047.75,0.00,19.00,0.00,0,0.00,0.00,0.00,-203.40,-0.14,1.00,1,1008.23,-5.19,84.95,-9.33,-9.81,-0.07,0.86,56.91,9.64,123.06, 0.02,-0.07, 0.01,
10293,2047.75,2047.75,0.00,19.00,0.00,0,0.00,0.00,0.00,-203.40,-0.14,1.00,-15234,1008.23,-33.69,84.14,-36.74,-9.65,-0.55,0.82,56.73,9.73,123.27, 0.02,-0.07, 0.01,
10323,2047.75,2047.75,0.00,19.00,-0.50,0,0.00,0.00,0.00,-203.40,-0.14,1.00,1,1008.29,-33.69,84.14,-36.74,-9.65,-0.55,0.82,56.73,9.73,123.27, 0.02,-0.07, 0.01,
10339,2047.75,2047.75,0.00,19.00,-0.50,0,0.00,0.00,0.00,-203.40,-0.14,1.00,-15234,1008.29,-10.78,85.13,-14.78,-9.85,-0.16,0.82,56.73,9.73,123.27,  0.0,-0.06,  0.0,
10369,2047.75,2047.75,0.00,19.00,-0.25,0,0.00,0.00,0.00,-203.40,-0.14,1.00,1,1008.26,-10.78,85.13,-14.78,-9.85,-0.16,0.82,56.73,9.73,123.27,  0.0,-0.06,  0.0,
10403,2047.75,2047.75,0.00,19.00,-0.25,0,0.00,0.00,0.00,-203.40,-0.14,0.71,1,1008.26,63.43,88.94,58.62,-9.49,0.16, 0.07,56.91,9.55,123.78, 0.03,-0.06, 0.01,
10420,2047.75,2047.75,0.00,19.00,-0.25,0,0.00,0.00,0.00,-203.40,-0.14,1.00,-15234,1008.26,-24.44,87.36,-28.31,-10.28,-0.20,0.43,56.91,9.55,123.78, 0.02,-0.06, 0.01,
10449,2047.75,2047.75,0.00,19.00,0.00,0,0.00,0.00,0.00,-203.40,-0.14,1.00,1,1008.23,-24.44,87.36,-28.31,-10.28,-0.20,0.43,56.91,9.55,123.78, 0.02,-0.06, 0.01,
10484,2047.75,2047.75,0.00,19.00,0.00,0,0.00,0.00,0.00,-203.40,-0.14,0.71,1,1008.23,-12.53,85.80,-16.56,-9.85,-0.16,0.71,57.00,9.82,123.57, 0.02, -0.0, 0.01,
10519,2047.75,2047.75,0.00,19.00,0.00,0,0.00,0.00,0.00,-203.40,-0.14,1.00,1,1008.23,-14.04,85.29,-18.01,-9.81,-0.20,0.78,56.82,9.91,123.47, 0.02,-0.07, 0.01,
10535,2047.75,2047.75,0.00,19.00,0.00,0,0.00,0.00,0.00,-203.40,-0.14,1.00,-15234,1008.23,-11.89,85.58,-15.96,-9.85,-0.16,0.75,56.82,9.91,123.47, 0.02,-0.06, 0.01,
10565,2047.75,2047.75,0.00,19.00,0.00,0,0.00,0.00,0.00,-203.40,-0.14,1.00,1,1008.23,-11.89,85.58,-15.96,-9.85,-0.16,0.75,56.82,9.91,123.47, 0.02,-0.06, 0.01,
10579,2047.75,2047.75,0.00,19.00,0.00,0,0.00,0.00,0.00,-203.40,-0.14,1.00,-15234,1008.23,-8.13,85.19,-12.32,-9.89,-0.12,0.82,57.00,10.00,123.67, 0.02, -0.0, 0.01,
10610,2047.75,2047.75,0.00,19.00,-0.75,0,0.00,0.00,0.00,-203.40,-0.14,1.00,1,1008.32,-8.13,85.19,-12.32,-9.89,-0.12,0.82,57.00,10.00,123.67, 0.02, -0.0, 0.01,
10645,2047.75,2047.75,0.00,19.00,0.00,0,0.00,0.00,0.00,-203.40,-0.14,1.00,1,1008.23,-7.43,84.66,-11.49,-9.73,-0.12,0.90,56.82,9.73,123.67, 0.02,-0.07, 0.01,
10680,2047.75,2047.75,0.00,19.00,0.67,0,0.00,0.00,0.00,-203.40,-0.14,0.71,1,1008.15,-11.31,85.37,-15.30,-9.89,-0.16,0.78,56.82,9.73,123.67, 0.02,-0.06, 0.01,
10717,2047.75,2047.75,0.00,19.00,-1.00,0,0.00,0.00,0.00,-203.40,-0.14,1.00,1,1008.35,-12.26,84.62,-16.35,-9.81,-0.20,0.90,56.82,10.18,123.67, 0.02,-0.07, 0.01,
10752,2047.75,2047.75,0.00,19.00,0.50,0,0.00,0.00,0.00,-203.40,-0.14,1.00,1,1008.17,-6.71,86.07,-11.10,-9.77,-0.07,0.67,56.82,10.18,123.67, 0.02,-0.07, 0.01,
10766,2047.75,2047.75,0.00,19.00,0.50,0,0.00,0.00,0.00,-203.40,-0.14,1.00,-15234,1008.17,-7.43,84.68,-11.58,-9.77,-0.12,0.90,56.82,9.91,123.57, 0.02,-0.06, 0.01,
10798,2047.75,2047.75,0.00,19.00,0.00,0,0.00,0.00,0.00,-203.40,-0.14,1.00,1,1008.23,-7.43,84.68,-11.58,-9.77,-0.12,0.90,56.82,9.91,123.57, 0.02,-0.06, 0.01,
10812,2047.75,2047.75,0.00,19.00,0.00,0,0.00,0.00,0.00,-203.40,-0.14,1.00,-15234,1008.23,-8.53,85.43,-12.69,-9.92,-0.12,0.78,56.82,9.91,123.57, 0.03,-0.06, 0.02,
10841,2047.75,2047.75,0.00,19.00,-0.50,0,0.00,0.00,0.00,-203.40,-0.14,1.00,1,1008.29,-8.53,85.43,-12.69,-9.92,-0.12,0.78,56.82,9.91,123.57, 0.03,-0.06, 0.02,
10858,2047.75,2047.75,0.00,19.00,-0.50,0,0.00,0.00,0.00,-203.40,-0.14,1.00,-15234,1008.29,-7.77,84.96,-11.97,-9.89,-0.12,0.86,56.91,10.00,123.27, 0.02, -0.0, 0.01,
10887,2047.75,2047.75,0.00,19.00,0.50,0,0.00,0.00,0.00,-203.40,-0.14,1.00,1,1008.17,-7.77,84.96,-11.97,-9.89,-0.12,0.86,56.91,10.00,123.27, 0.02, -0.0, 0.01,
10922,2047.75,2047.75,0.00,19.00,0.00,0,0.00,0.00,0.00,-203.40,-0.14,1.00,1,1008.23,-5.44,85.20,-9.73,-9.85,-0.07,0.82,56.82,10.00,123.47, 0.02,-0.07, 0.01,
10936,2047.75,2047.75,0.00,19.00,0.00,0,0.00,0.00,0.00,-203.40,-0.14,1.00,-15234,1008.23,-13.39,85.06,-17.41,-9.81,-0.20,0.82,56.82,10.00,123.47, 0.02,-0.07, 0.02,
10968,2047.75,2047.75,0.00,19.00,-0.75,0,0.00,0.00,0.00,-203.40,-0.14,1.00,1,1008.32,-13.39,85.06,-17.41,-9.81,-0.20,0.82,56.82,10.00,123.47, 0.02,-0.07, 0.02,
10982,2047.75,2047.75,0.00,19.00,-0.75,0,0.00,0.00,0.00,-203.40,-0.14,1.00,-15234,1008.32,-4.67,78.04,-8.58,-9.10,-0.16,1.92,57.09,9.82,123.37, 0.02,-0.06, 0.02,
11019,2047.75,2047.75,0.00,19.00,0.00,0,0.00,0.00,0.00,-203.40,-0.14,1.00,1,1008.23,-4.67,78.04,-8.58,-9.10,-0.16,1.92,57.09,9.82,123.37, 0.02,-0.06, 0.02,
11042,2047.75,2047.75,0.00,19.00,0.00,0,0.00,0.00,0.00,-203.40,-0.14,1.00,-15234,1008.23,-5.71,85.38,-9.85,-9.77,-0.07,0.78,56.91,9.73,124.49, 0.02,-0.07, 0.02,
11072,2047.75,2047.75,0.00,19.00,0.00,0,0.00,0.00,0.00,-203.40,-0.14,1.00,1,1008.23,-5.71,85.38,-9.85,-9.77,-0.07,0.78,56.91,9.73,124.49, 0.02,-0.07, 0.02,
11106,2047.75,2047.75,0.00,19.00,-0.50,0,0.00,0.00,0.00,-203.40,-0.14,1.00,1,1008.29,-6.01,85.65,-10.16,-9.85,-0.07,0.75,56.91,9.73,124.49, 0.02,-0.06, 0.01,
11143,2047.75,2047.75,0.00,19.00,0.25,0,0.00,0.00,0.00,-203.40,-0.14,1.00,1,1008.20,-16.93,84.51,-20.71,-9.81,-0.27,0.90,56.73,9.91,123.78, 0.02,-0.07, 0.01,
11178,2047.75,2047.75,0.00,19.00,-0.25,0,0.00,0.00,0.00,-203.40,-0.14,1.00,1,1008.26,-10.78,85.09,-14.80,-9.77,-0.16,0.82,57.09,9.82,123.67, 0.02,-0.07,  0.0,
11213,2047.75,2047.75,0.00,19.00,0.50,0,0.00,0.00,0.00,-203.40,-0.14,1.00,1,1008.17,-10.30,84.87,-14.32,-9.77,-0.16,0.86,57.09,9.82,123.67, 0.03,-0.07, 0.01,
11250,2047.75,2047.75,0.00,19.00,-0.25,0,0.00,0.00,0.00,-203.40,-0.14,0.71,1,1008.26,-7.77,84.88,-11.92,-9.73,-0.12,0.86,56.91,9.91,123.47, 0.02,-0.07, 0.01,
11264,2047.75,2047.75,0.00,19.00,-0.25,0,0.00,0.00,0.00,-203.40,-0.14,1.00,-15234,1008.26,-12.26,84.64,-16.23,-9.85,-0.20,0.90,56.91,9.91,123.47, 0.02, -0.0, 0.01,
11294,2047.75,2047.75,0.00,19.00,0.67,0,0.00,0.00,0.00,-203.40,-0.14,1.00,1,1008.15,-12.26,84.64,-16.23,-9.85,-0.20,0.90,56.91,9.91,123.47, 0.02, -0.0, 0.01,
11310,2047.75,2047.75,0.00,19.00,0.67,0,0.00,0.00,0.00,-203.40,-0.14,0.71,-15234,1008.15,-11.89,85.54,-16.04,-9.77,-0.16,0.75,57.09,10.09,123.47, 0.03,-0.06, 0.01,
11339,2047.75,2047.75,0.00,19.00,-0.25,0,0.00,0.00,0.00,-203.40,-0.14,0.71,1,1008.26,-11.89,85.54,-16.04,-9.77,-0.16,0.75,57.09,10.09,123.47, 0.03,-0.06, 0.01,
